9
48
0 1
9.296955e-01 -4.309046e-02 1.026831e+01 -1.614842e-01 8.892321e-01 4.545499e+01 3.586621e-05 -3.800706e-04 1.000000e+00
0.000000e+00 0.000000e+00 0.000000e+00 0.000000e+00 0.000000e+00 0.000000e+00 0.000000e+00 0.000000e+00 0.000000e+00
3.4482758620689657e-01
110
0
0 2
1.928571e+00 3.019209e-01 1.855096e+02 -1.344942e-01 1.589471e+00 2.882284e+02 -2.063683e-03 -1.525354e-03 1.000000e+00
0.000000e+00 0.000000e+00 0.000000e+00 0.000000e+00 0.000000e+00 0.000000e+00 0.000000e+00 0.000000e+00 0.000000e+00
3.5714285714285715e-01
25
0
0 3
9.738539e-01 4.457086e-02 1.386317e+01 -6.568447e-03 1.008663e+00 -3.190151e+01 -3.817996e-05 1.123831e-04 1.000000e+00
0.000000e+00 0.000000e+00 0.000000e+00 0.000000e+00 0.000000e+00 0.000000e+00 0.000000e+00 0.000000e+00 0.000000e+00
5.9969788519637457e-01
397
0
0 4
1.363865e+00 2.993108e-01 -6.805242e+01 -6.585292e-01 9.998297e-01 8.283256e+01 6.720899e-04 -2.684621e-04 1.000000e+00
0.000000e+00 0.000000e+00 0.000000e+00 0.000000e+00 0.000000e+00 0.000000e+00 0.000000e+00 0.000000e+00 0.000000e+00
4.6058091286307051e-01
111
0
1 0
1.084274e+00 4.687249e-02 -1.326425e+01 1.951012e-01 1.111568e+00 -5.252968e+01 3.526343e-05 4.207932e-04 9.805108e-01
0.000000e+00 0.000000e+00 0.000000e+00 0.000000e+00 0.000000e+00 0.000000e+00 0.000000e+00 0.000000e+00 0.000000e+00
0.0000000000000000e+00
0
0
1 2
1.051293e+00 1.115097e-01 1.229671e+01 -3.358179e-01 9.521519e-01 5.169212e+01 3.073749e-04 -4.892595e-04 1.000000e+00
0.000000e+00 0.000000e+00 0.000000e+00 0.000000e+00 0.000000e+00 0.000000e+00 0.000000e+00 0.000000e+00 0.000000e+00
4.3209876543209874e-01
210
0
1 3
1.096349e+00 1.108969e-01 -1.620481e+01 2.039783e-01 9.458168e-01 -6.863978e+01 -2.646877e-04 4.358770e-04 1.000000e+00
0.000000e+00 0.000000e+00 0.000000e+00 0.000000e+00 0.000000e+00 0.000000e+00 0.000000e+00 0.000000e+00 0.000000e+00
2.9375000000000001e-01
47
0
1 4
1.329857e+00 1.047435e-01 -1.135399e+02 -2.244797e-01 1.074959e+00 1.372102e+01 -2.115257e-04 3.473657e-04 1.000000e+00
0.000000e+00 0.000000e+00 0.000000e+00 0.000000e+00 0.000000e+00 0.000000e+00 0.000000e+00 0.000000e+00 0.000000e+00
4.2045454545454547e-01
74
0
1 5
1.212997e+00 6.351070e-01 -3.010964e+01 -1.730777e+00 7.108335e-01 2.856174e+02 1.854845e-03 -1.763004e-03 1.000000e+00
0.000000e+00 0.000000e+00 0.000000e+00 0.000000e+00 0.000000e+00 0.000000e+00 0.000000e+00 0.000000e+00 0.000000e+00
8.0952380952380953e-01
17
0
1 6
1.218353e+00 2.652405e-01 -1.064113e+00 -4.235781e-02 -3.105248e-01 1.715705e+02 1.823207e-04 -8.394108e-04 1.000000e+00
0.000000e+00 0.000000e+00 0.000000e+00 0.000000e+00 0.000000e+00 0.000000e+00 0.000000e+00 0.000000e+00 0.000000e+00
5.7142857142857140e-01
12
0
1 7
0.000000e+00 0.000000e+00 0.000000e+00 0.000000e+00 0.000000e+00 0.000000e+00 0.000000e+00 0.000000e+00 0.000000e+00
0.000000e+00 0.000000e+00 0.000000e+00 0.000000e+00 0.000000e+00 0.000000e+00 0.000000e+00 0.000000e+00 0.000000e+00
0.0000000000000000e+00
0
0
2 0
4.589853e-01 -1.323013e-01 -4.701322e+01 -1.041235e-01 5.228375e-01 -1.313807e+02 7.883751e-04 5.244843e-04 7.025776e-01
0.000000e+00 0.000000e+00 0.000000e+00 0.000000e+00 0.000000e+00 0.000000e+00 0.000000e+00 0.000000e+00 0.000000e+00
0.0000000000000000e+00
0
0
2 1
9.175979e-01 -1.103303e-01 -5.580228e+00 3.301731e-01 9.833783e-01 -5.489295e+01 -1.205062e-04 5.150400e-04 9.748583e-01
0.000000e+00 0.000000e+00 0.000000e+00 0.000000e+00 0.000000e+00 0.000000e+00 0.000000e+00 0.000000e+00 0.000000e+00
0.0000000000000000e+00
0
0
2 3
1.179962e+00 -1.902436e-01 -5.162241e+00 -3.978600e-02 8.690378e-01 -2.314430e+02 1.736176e-04 1.208179e-03 1.000000e+00
0.000000e+00 0.000000e+00 0.000000e+00 0.000000e+00 0.000000e+00 0.000000e+00 0.000000e+00 0.000000e+00 0.000000e+00
4.6666666666666667e-01
21
0
2 4
1.453174e+00 9.156347e-03 -1.262897e+02 6.662756e-02 1.085924e+00 -6.325263e+01 2.042104e-05 -5.335683e-05 1.000000e+00
0.000000e+00 0.000000e+00 0.000000e+00 0.000000e+00 0.000000e+00 0.000000e+00 0.000000e+00 0.000000e+00 0.000000e+00
4.4615384615384618e-01
58
0
2 5
1.288077e+00 3.151519e-01 -8.203725e+01 -1.250097e+00 8.451508e-01 2.350308e+02 8.586533e-04 -1.726548e-03 1.000000e+00
0.000000e+00 0.000000e+00 0.000000e+00 0.000000e+00 0.000000e+00 0.000000e+00 0.000000e+00 0.000000e+00 0.000000e+00
7.0588235294117652e-01
12
0
3 0
1.025942e+00 -4.359475e-02 -1.561355e+01 7.891780e-03 9.875646e-01 3.139540e+01 3.828352e-05 -1.126500e-04 9.958756e-01
0.000000e+00 0.000000e+00 0.000000e+00 0.000000e+00 0.000000e+00 0.000000e+00 0.000000e+00 0.000000e+00 0.000000e+00
0.0000000000000000e+00
0
0
3 1
9.349321e-01 -1.130273e-01 7.392231e+00 -1.780401e-01 1.046392e+00 6.893901e+01 3.250686e-04 -4.860151e-04 9.719077e-01
0.000000e+00 0.000000e+00 0.000000e+00 0.000000e+00 0.000000e+00 0.000000e+00 0.000000e+00 0.000000e+00 0.000000e+00
0.0000000000000000e+00
0
0
3 2
8.467959e-01 1.356501e-01 3.576662e+01 -2.923533e-04 8.705309e-01 2.014768e+02 -1.466654e-04 -1.075309e-03 7.503702e-01
0.000000e+00 0.000000e+00 0.000000e+00 0.000000e+00 0.000000e+00 0.000000e+00 0.000000e+00 0.000000e+00 0.000000e+00
0.0000000000000000e+00
0
0
3 4
1.435604e+00 2.529007e-01 -8.253858e+01 -7.028112e-01 1.036537e+00 1.335034e+02 7.467863e-04 -3.877255e-04 1.000000e+00
0.000000e+00 0.000000e+00 0.000000e+00 0.000000e+00 0.000000e+00 0.000000e+00 0.000000e+00 0.000000e+00 0.000000e+00
3.8842975206611569e-01
47
0
4 0
6.226696e-01 -1.712176e-01 5.655657e+01 4.351091e-01 8.587659e-01 -4.152355e+01 -3.016797e-04 3.456197e-04 9.508414e-01
0.000000e+00 0.000000e+00 0.000000e+00 0.000000e+00 0.000000e+00 0.000000e+00 0.000000e+00 0.000000e+00 0.000000e+00
0.0000000000000000e+00
0
0
4 1
7.486751e-01 -1.008664e-01 8.638847e+01 1.550089e-01 9.135272e-01 5.065173e+00 1.045192e-04 -3.386638e-04 1.016514e+00
0.000000e+00 0.000000e+00 0.000000e+00 0.000000e+00 0.000000e+00 0.000000e+00 0.000000e+00 0.000000e+00 0.000000e+00
0.0000000000000000e+00
0
0
4 2
6.870012e-01 -1.534454e-03 8.666409e+01 -4.310254e-02 9.238421e-01 5.299204e+01 -1.632909e-05 4.932462e-05 1.001058e+00
0.000000e+00 0.000000e+00 0.000000e+00 0.000000e+00 0.000000e+00 0.000000e+00 0.000000e+00 0.000000e+00 0.000000e+00
0.0000000000000000e+00
0
0
4 3
6.023617e-01 -1.222648e-01 6.604084e+01 4.441801e-01 8.287068e-01 -7.397316e+01 -2.776154e-04 4.126165e-04 9.220003e-01
0.000000e+00 0.000000e+00 0.000000e+00 0.000000e+00 0.000000e+00 0.000000e+00 0.000000e+00 0.000000e+00 0.000000e+00
0.0000000000000000e+00
0
0
4 5
7.570181e-01 5.046703e-01 6.662776e+01 -1.118199e+00 7.938246e-01 2.355030e+02 4.974028e-04 -1.015250e-03 1.000000e+00
0.000000e+00 0.000000e+00 0.000000e+00 0.000000e+00 0.000000e+00 0.000000e+00 0.000000e+00 0.000000e+00 0.000000e+00
9.1666666666666663e-01
77
0
4 6
7.864216e-01 1.622366e-01 7.056164e+01 -8.089328e-01 8.690325e-01 1.780469e+02 1.624597e-04 -1.579196e-03 1.000000e+00
0.000000e+00 0.000000e+00 0.000000e+00 0.000000e+00 0.000000e+00 0.000000e+00 0.000000e+00 0.000000e+00 0.000000e+00
8.8888888888888884e-01
16
0
4 7
7.396408e-01 2.608748e-01 9.255091e+01 -8.820778e-01 7.989616e-01 1.462922e+02 2.374230e-04 -1.423892e-03 1.000000e+00
0.000000e+00 0.000000e+00 0.000000e+00 0.000000e+00 0.000000e+00 0.000000e+00 0.000000e+00 0.000000e+00 0.000000e+00
7.6190476190476186e-01
16
0
4 8
-3.100638e-01 -6.756982e-01 -9.802958e+01 1.466584e+00 -4.839318e-01 -1.766009e+02 8.255678e-04 -1.136679e-03 1.000000e+00
0.000000e+00 0.000000e+00 0.000000e+00 0.000000e+00 0.000000e+00 0.000000e+00 0.000000e+00 0.000000e+00 0.000000e+00
7.8378378378378377e-01
29
0
5 1
4.251201e-01 -2.037503e-01 7.099484e+01 7.913569e-01 4.441876e-01 -1.030402e+02 6.066336e-04 1.161030e-03 6.866553e-01
0.000000e+00 0.000000e+00 0.000000e+00 0.000000e+00 0.000000e+00 0.000000e+00 0.000000e+00 0.000000e+00 0.000000e+00
0.0000000000000000e+00
0
0
5 2
6.410653e-01 -8.891830e-02 7.348977e+01 7.440528e-01 6.961940e-01 -1.025870e+02 7.341897e-04 1.278362e-03 7.597764e-01
0.000000e+00 0.000000e+00 0.000000e+00 0.000000e+00 0.000000e+00 0.000000e+00 0.000000e+00 0.000000e+00 0.000000e+00
0.0000000000000000e+00
0
0
5 4
7.100523e-01 -3.934219e-01 4.534283e+01 8.492002e-01 4.976099e-01 -1.737689e+02 5.089686e-04 7.008876e-04 8.010275e-01
0.000000e+00 0.000000e+00 0.000000e+00 0.000000e+00 0.000000e+00 0.000000e+00 0.000000e+00 0.000000e+00 0.000000e+00
0.0000000000000000e+00
0
0
5 6
6.554330e-01 -3.207395e-01 4.979283e+01 1.601586e-01 1.002353e+00 -9.921726e+00 -5.735881e-04 -3.788224e-05 1.000000e+00
0.000000e+00 0.000000e+00 0.000000e+00 0.000000e+00 0.000000e+00 0.000000e+00 0.000000e+00 0.000000e+00 0.000000e+00
3.0311614730878189e-01
107
0
5 7
9.944098e-01 -3.490817e-03 2.031439e+01 1.097897e-01 9.098200e-01 -5.087377e+01 -3.722384e-04 -8.388651e-05 1.000000e+00
0.000000e+00 0.000000e+00 0.000000e+00 0.000000e+00 0.000000e+00 0.000000e+00 0.000000e+00 0.000000e+00 0.000000e+00
3.4018264840182649e-01
149
0
5 8
-8.468765e-01 -2.609083e-01 2.952020e+01 5.281717e-01 -9.309940e-01 9.607875e+00 1.923607e-04 -2.469701e-04 1.000000e+00
0.000000e+00 0.000000e+00 0.000000e+00 0.000000e+00 0.000000e+00 0.000000e+00 0.000000e+00 0.000000e+00 0.000000e+00
4.6368715083798884e-01
83
0
6 1
9.077398e-01 1.441134e+00 -2.462902e+02 -4.014537e-01 -6.643114e+00 1.139335e+03 -5.024844e-04 -5.839051e-03 2.001274e+00
0.000000e+00 0.000000e+00 0.000000e+00 0.000000e+00 0.000000e+00 0.000000e+00 0.000000e+00 0.000000e+00 0.000000e+00
0.0000000000000000e+00
0
0
6 4
1.026368e+00 -2.442032e-01 -2.894259e+01 7.476511e-01 6.915231e-01 -1.758790e+02 1.013944e-03 1.131724e-03 7.269545e-01
0.000000e+00 0.000000e+00 0.000000e+00 0.000000e+00 0.000000e+00 0.000000e+00 0.000000e+00 0.000000e+00 0.000000e+00
0.0000000000000000e+00
0
0
6 5
1.363979e+00 4.340509e-01 -6.360986e+01 -2.102748e-01 9.311118e-01 1.970842e+01 7.743967e-04 2.842390e-04 9.642607e-01
0.000000e+00 0.000000e+00 0.000000e+00 0.000000e+00 0.000000e+00 0.000000e+00 0.000000e+00 0.000000e+00 0.000000e+00
0.0000000000000000e+00
0
0
6 7
8.699207e-01 5.899297e-02 3.616707e+01 2.055315e-02 9.146995e-01 -5.343171e+01 -7.725830e-07 -4.187764e-05 1.000000e+00
0.000000e+00 0.000000e+00 0.000000e+00 0.000000e+00 0.000000e+00 0.000000e+00 0.000000e+00 0.000000e+00 0.000000e+00
3.5765124555160144e-01
201
0
6 8
-8.101658e-01 -2.279755e-01 4.832791e+01 2.588124e-01 -8.384843e-01 9.948303e+01 3.572034e-04 -1.304100e-03 1.000000e+00
0.000000e+00 0.000000e+00 0.000000e+00 0.000000e+00 0.000000e+00 0.000000e+00 0.000000e+00 0.000000e+00 0.000000e+00
3.6764705882352944e-01
25
0
7 1
0.000000e+00 0.000000e+00 0.000000e+00 0.000000e+00 0.000000e+00 0.000000e+00 0.000000e+00 0.000000e+00 0.000000e+00
0.000000e+00 0.000000e+00 0.000000e+00 0.000000e+00 0.000000e+00 0.000000e+00 0.000000e+00 0.000000e+00 0.000000e+00
0.0000000000000000e+00
0
0
7 4
9.301783e-01 -3.626066e-01 -3.304233e+01 8.466459e-01 6.627428e-01 -1.753120e+02 9.846867e-04 1.029765e-03 7.582197e-01
0.000000e+00 0.000000e+00 0.000000e+00 0.000000e+00 0.000000e+00 0.000000e+00 0.000000e+00 0.000000e+00 0.000000e+00
0.0000000000000000e+00
0
0
7 5
9.978538e-01 1.968831e-03 -2.017063e+01 -1.001130e-01 1.104101e+00 5.820350e+01 3.630414e-04 9.335203e-05 9.973742e-01
0.000000e+00 0.000000e+00 0.000000e+00 0.000000e+00 0.000000e+00 0.000000e+00 0.000000e+00 0.000000e+00 0.000000e+00
0.0000000000000000e+00
0
0
7 6
1.151293e+00 -7.634505e-02 -4.571815e+01 -2.588072e-02 1.097652e+00 5.958547e+01 -1.943540e-07 4.590810e-05 1.002460e+00
0.000000e+00 0.000000e+00 0.000000e+00 0.000000e+00 0.000000e+00 0.000000e+00 0.000000e+00 0.000000e+00 0.000000e+00
0.0000000000000000e+00
0
0
7 8
-9.702743e-01 -2.669299e-01 7.691403e+01 2.595072e-01 -1.037775e+00 5.648226e+01 3.374923e-04 -7.070462e-04 1.000000e+00
0.000000e+00 0.000000e+00 0.000000e+00 0.000000e+00 0.000000e+00 0.000000e+00 0.000000e+00 0.000000e+00 0.000000e+00
2.9611650485436891e-01
61
0
8 4
-4.801240e-01 5.519711e-01 5.041225e+01 -1.130679e+00 -1.606796e-01 -1.392162e+02 -8.888449e-04 -6.383308e-04 8.001371e-01
0.000000e+00 0.000000e+00 0.000000e+00 0.000000e+00 0.000000e+00 0.000000e+00 0.000000e+00 0.000000e+00 0.000000e+00
0.0000000000000000e+00
0
0
8 5
-1.003713e+00 2.741263e-01 2.699605e+01 -5.688843e-01 -9.214962e-01 2.564720e+01 5.257766e-05 -2.803131e-04 1.001141e+00
0.000000e+00 0.000000e+00 0.000000e+00 0.000000e+00 0.000000e+00 0.000000e+00 0.000000e+00 0.000000e+00 0.000000e+00
0.0000000000000000e+00
0
0
8 6
-1.137148e+00 2.646549e-01 2.862730e+01 -3.582353e-01 -1.327564e+00 1.493828e+02 -6.098172e-05 -1.825812e-03 1.184584e+00
0.000000e+00 0.000000e+00 0.000000e+00 0.000000e+00 0.000000e+00 0.000000e+00 0.000000e+00 0.000000e+00 0.000000e+00
0.0000000000000000e+00
0
0
8 7
-9.547005e-01 2.033591e-01 6.194368e+01 -2.300499e-01 -9.531626e-01 7.153084e+01 1.595482e-04 -7.425622e-04 1.029670e+00
0.000000e+00 0.000000e+00 0.000000e+00 0.000000e+00 0.000000e+00 0.000000e+00 0.000000e+00 0.000000e+00 0.000000e+00
0.0000000000000000e+00
0
0
2708
2 0 49 3 1766
2 0 56 3 1767
2 0 89 3 234
2 0 124 3 261
2 0 131 3 271
2 0 132 3 272
2 0 135 3 269
3 0 144 4 2801 8 2032
2 0 152 3 281
2 0 155 3 1822
2 0 156 3 1823
2 0 176 3 299
3 0 237 4 2770 5 2275
2 0 250 3 370
4 0 275 4 1006 5 1021 8 214
2 0 286 3 348
3 0 344 4 1131 6 1103
2 0 347 3 451
2 0 357 1 25
2 0 364 3 423
3 0 372 1 346 2 1746
2 0 394 1 30
2 0 395 3 1971
2 0 400 3 455
2 0 407 1 51
4 0 410 1 656 3 408 2 617
2 0 414 1 55
2 0 438 3 434
2 0 463 3 456
2 0 488 3 547
2 0 494 3 491
2 0 507 4 2877
3 0 508 1 535 2 568
2 0 509 1 536
2 0 525 3 2018
3 0 527 1 737 2 643
2 0 539 3 542
2 0 543 4 2900
2 0 557 3 2036
2 0 572 3 648
2 0 574 3 2960
2 0 586 3 617
2 0 624 3 596
4 0 627 1 847 2 777 3 591
3 0 629 1 651 2 633
2 0 633 1 711
2 0 652 3 667
2 0 661 3 654
2 0 685 3 729
3 0 704 3 748 4 3188
2 0 705 3 749
3 0 710 2 914 1 869
2 0 711 3 752
2 0 731 3 736
2 0 735 1 486
2 0 737 3 2117
2 0 738 3 2177
2 0 742 3 791
2 0 753 3 718
2 0 758 3 726
3 0 762 3 2154 1 957
2 0 779 3 746
2 0 785 3 834
2 0 789 3 793
2 0 792 3 750
2 0 808 3 762
2 0 813 3 856
3 0 814 1 2046 2 1614
2 0 817 1 547
3 0 818 1 906 2 846
2 0 819 1 907
2 0 821 3 766
2 0 824 3 2166
2 0 825 3 2167
2 0 852 3 796
3 0 861 1 584 2 122
2 0 869 3 824
2 0 891 3 843
3 0 896 1 600 2 1676
3 0 907 1 2101 3 2268
2 0 973 3 994
2 0 980 3 996
2 0 982 1 714
2 0 1008 3 2351
2 0 1018 3 2365
5 0 1037 1 1093 3 2386 2 1187 4 2011
3 0 1038 1 1094 2 1188
2 0 1049 2 435
3 0 1067 2 407 3 1073
2 0 1071 4 1033
2 0 1080 3 1115
5 0 1092 1 1194 3 1148 2 1264 4 2068
3 0 1093 1 1195 3 1149
2 0 1095 3 2451
2 0 1096 3 2452
2 0 1113 3 1175
2 0 1117 4 2969
2 0 1118 3 1176
2 0 1129 2 512
2 0 1142 1 917
2 0 1144 4 1083
2 0 1145 4 1082
2 0 1157 3 1192
2 0 1162 3 1225
2 0 1163 4 3367
2 0 1169 1 1064
2 0 1171 4 1271
3 0 1173 1 1145 2 1093
2 0 1182 4 1229
2 0 1184 4 1217
3 0 1190 3 2527 4 1261
2 0 1191 4 1990
2 0 1194 3 2500
2 0 1201 3 2506
3 0 1212 3 1263 4 1264
2 0 1221 4 1869
2 0 1223 4 3087
3 0 1224 3 2538 4 1284
2 0 1234 4 1276
2 0 1239 4 1971
2 0 1247 4 1273
2 0 1256 4 1975
2 0 1259 4 1283
3 0 1276 1 1040 3 1320
3 0 1277 1 1039 3 1321
2 0 1283 3 2587
2 0 1284 1 1173
2 0 1292 4 1915
2 0 1293 4 1334
2 0 1302 3 1337
2 0 1307 1 2475
2 0 1321 4 1998
2 0 1323 1 1114
2 0 1324 1 1115
2 0 1331 4 1374
2 0 1332 4 1373
2 0 1334 3 1383
2 0 1336 3 1390
2 0 1345 4 1384
4 0 1346 1 1085 3 1370 4 1427
2 0 1349 3 1398
2 0 1352 1 1129
2 0 1353 1 1130
2 0 1356 4 1426
2 0 1358 3 1401
2 0 1371 4 1400
2 0 1379 4 1460
2 0 1383 4 1429
3 0 1385 1 1081 2 674
4 0 1395 1 1111 3 1402 4 1469
2 0 1399 4 1449
2 0 1400 4 1448
2 0 1401 4 2040
2 0 1407 4 2050
2 0 1415 4 1461
2 0 1416 1 1178
3 0 1440 1 1134 4 3172
2 0 1441 1 1088
3 0 1442 1 1089 3 2608
3 0 1446 3 1437 4 2097
2 0 1450 4 1493
2 0 1452 4 1486
2 0 1458 4 1544
3 0 1470 1 1296 4 3425
2 0 1475 4 2124
2 0 1477 4 1569
2 0 1478 4 1593
3 0 1484 1 1157 4 1568
3 0 1490 3 1473 4 2084
2 0 1493 1 1175
2 0 1494 4 3444
2 0 1498 1 1255
3 0 1500 3 1484 4 3469
3 0 1501 3 1447 4 3185
2 0 1503 2 724
2 0 1504 4 1611
2 0 1505 4 1612
2 0 1506 4 1613
2 0 1507 3 1489
2 0 1510 1 1201
2 0 1511 4 1586
2 0 1518 3 1497
2 0 1520 1 1209
2 0 1521 1 1210
2 0 1528 4 1620
2 0 1532 4 1637
2 0 1533 4 1619
2 0 1534 4 1625
2 0 1537 4 2117
2 0 1543 1 1215
2 0 1549 4 1659
2 0 1550 4 1658
2 0 1551 4 1615
2 0 1555 3 1493
3 0 1559 1 1221 4 1657
3 0 1560 1 1222 4 1666
2 0 1564 4 1629
2 0 1565 4 1628
2 0 1566 4 1642
2 0 1569 1 1363
2 0 1573 4 1665
2 0 1578 4 1655
2 0 1579 4 1656
2 0 1583 1 1243
3 0 1610 4 1983 5 206
3 0 1621 1 1413 4 3510
2 0 1635 4 3520
3 0 1693 2 1017 1 3186
2 0 1744 1 1460
3 0 1786 3 1749 4 3758
2 0 1788 3 1761
2 0 1790 3 1768
2 0 1791 3 1769
2 0 1798 3 1772
2 0 1801 4 2677
2 0 1802 3 1790
4 0 1809 1 1764 4 3724 3 1784
2 0 1811 3 1809
2 0 1814 3 1812
2 0 1818 3 1813
2 0 1820 3 267
2 0 1827 3 1841
2 0 1839 3 282
2 0 1843 3 1834
2 0 1853 2 2560
2 0 1856 3 1870
2 0 1857 1 200
2 0 1861 3 1859
2 0 1865 1 277
3 0 1871 1 347 3 304
3 0 1879 1 299 3 2819
2 0 1880 3 2820
2 0 1883 3 1873
2 0 1890 3 2842
2 0 1891 3 364
2 0 1896 4 3797
2 0 1899 3 369
4 0 1902 4 2819 6 558 8 540
5 0 1913 4 3878 5 3328 6 1959 8 537
2 0 1918 3 1921
2 0 1923 1 1915
3 0 1927 3 1910 4 3886
4 0 1928 1 1997 3 1900 2 1903
2 0 1932 3 1952
2 0 1943 3 1922
2 0 1952 3 1895
2 0 1954 3 1956
2 0 1960 3 1901
2 0 1963 3 1961
2 0 1967 3 1978
3 0 1969 1 2110 2 1928
4 0 1973 1 2116 3 1926 2 1932
4 0 1974 1 2117 3 1927 2 1931
2 0 1984 3 1930
3 0 2000 1 2035 3 2012
3 0 2003 3 1963 4 3847
3 0 2010 3 445 4 2789
3 0 2011 1 1822 4 3649
2 0 2019 4 2438
2 0 2023 1 2163
3 0 2024 1 735 3 1984
2 0 2031 3 563
2 0 2043 3 518
2 0 2044 3 2017
2 0 2046 3 2025
2 0 2063 3 2045
2 0 2065 3 2048
2 0 2074 3 2054
2 0 2075 1 2238
3 0 2076 1 771 3 2084
3 0 2077 3 2066 4 3987
2 0 2082 4 3195
2 0 2083 3 2072
3 0 2087 3 2071 4 3991
5 0 2088 1 835 2 795 3 607 4 1151
2 0 2094 1 2257
2 0 2095 1 851
3 0 2096 1 2123 2 1968
4 0 2108 1 764 3 678 4 2997
2 0 2126 3 2100
2 0 2127 3 2156
2 0 2131 4 1411
2 0 2137 3 682
4 0 2139 1 920 2 876 4 3069
3 0 2140 1 2291 3 2111
3 0 2142 1 808 3 2164
3 0 2157 3 2168 4 3221
2 0 2158 3 2169
2 0 2164 3 2118
2 0 2165 3 743
5 0 2171 1 831 2 938 4 3219 5 2694
4 0 2172 1 832 2 939 3 789
2 0 2173 3 2129
3 0 2176 1 950 3 2133
2 0 2183 3 2189
3 0 2184 1 2316 2 923
2 0 2185 3 2165
2 0 2187 3 2136
3 0 2188 1 965 3 2140
2 0 2189 3 2139
2 0 2190 3 2143
3 0 2195 1 2265 2 2166
2 0 2197 3 2209
2 0 2198 4 3104
8 0 2201 1 902 4 3263 2 1010 6 1167 7 1210 5 2755 8 163
8 0 2202 1 903 4 3264 2 1011 3 2212 5 2754 8 164 7 1209
2 0 2208 3 2203
3 0 2210 3 2220 4 3252
2 0 2211 3 2221
2 0 2214 3 2218
3 0 2219 3 2224 4 3281
3 0 2220 3 2225 4 3282
4 0 2227 3 2227 1 2073 2 2525
2 0 2228 3 2179
2 0 2231 3 2233
3 0 2236 3 2240 4 3297
2 0 2237 3 2241
2 0 2242 1 2284
3 0 2243 3 2249 4 3293
2 0 2251 3 2263
4 0 2252 1 2324 3 2264 2 1077
2 0 2257 1 989
2 0 2259 1 2107
3 0 2260 1 615 3 887
2 0 2261 1 2329
2 0 2269 1 947
4 0 2276 1 631 3 2281 2 1697
3 0 2280 1 2109 3 2279
2 0 2283 2 1075
2 0 2286 3 936
2 0 2290 1 2119
2 0 2292 3 3118
2 0 2298 4 3267
2 0 2299 3 2290
2 0 2303 3 3125
2 0 2304 2 236
2 0 2307 1 1015
2 0 2314 2 1761
3 0 2315 1 2158 3 988
2 0 2316 1 2159
2 0 2317 1 688
2 0 2318 3 2326
2 0 2324 3 2334
2 0 2327 3 2340
2 0 2337 3 3146
4 0 2339 1 2183 2 1779 3 2348
2 0 2347 3 3161
2 0 2349 1 754
2 0 2350 3 3154
2 0 2357 3 1057
3 0 2383 2 1831 4 3948
2 0 2396 3 2423
2 0 2401 3 3182
2 0 2408 4 3390
3 0 2414 2 459 1 2250
3 0 2416 1 2254 2 1836
2 0 2418 1 2266
2 0 2419 4 2977
4 0 2428 1 2289 2 1869 3 3203
2 0 2429 1 2290
3 0 2434 1 1152 4 3406
2 0 2435 1 1133
2 0 2437 3 2490
2 0 2439 1 2292
2 0 2443 3 1232
4 0 2447 3 2502 4 3418 1 1181
2 0 2448 4 3422
2 0 2452 3 2512
2 0 2454 3 3245
3 0 2457 3 2509 4 3061
2 0 2458 3 2515
2 0 2459 3 2522
2 0 2466 4 3058
2 0 2467 4 3059
2 0 2468 2 581
2 0 2469 3 3254
2 0 2473 4 4012
2 0 2481 3 3252
2 0 2482 3 3253
2 0 2500 4 4200
3 0 2501 1 1193 3 2578
2 0 2502 1 1066
3 0 2503 1 1067 4 1562
2 0 2508 3 2572
3 0 2509 3 2573 4 3461
2 0 2512 4 3203
2 0 2513 4 3204
4 0 2514 3 2581 4 3206 1 2398
3 0 2515 1 1291 4 3467
2 0 2516 1 1292
2 0 2518 1 1087
2 0 2524 3 2593
2 0 2525 3 2594
2 0 2535 1 2414
2 0 2540 3 1379
4 0 2554 1 2389 4 3162 3 3308
4 0 2555 1 2390 4 3163 3 3309
3 0 2556 3 2610 1 1236
2 0 2560 4 3151
3 0 2563 1 1090 3 3321
3 0 2566 1 2404 4 4074
2 0 2570 4 3473
4 0 2572 1 2415 4 4069 3 3320
3 0 2573 4 4070 1 2416
2 0 2574 1 2417
4 0 2576 1 1283 2 1136 4 3428
2 0 2579 4 3419
4 0 2583 1 2408 3 2606 2 1997
3 0 2589 2 638 1 2396
3 0 2590 3 2631 4 3443
2 0 2596 3 3340
2 0 2600 3 1450
2 0 2601 3 1451
3 0 2603 3 2645 4 3454
2 0 2626 3 3366
2 0 2635 3 2637
2 0 2642 3 2655
2 0 2645 1 1357
2 0 2647 1 2458
4 0 2649 1 1350 4 3471 2 1210
4 0 2650 1 1351 4 3472 2 1211
5 0 2653 1 1362 2 1209 3 2666 4 3475
2 0 2656 4 3468
2 0 2660 1 1310
2 0 2661 3 2674
4 0 2662 1 2537 3 2675 4 4307
2 0 2664 4 3508
2 0 2675 4 3487
2 0 2681 1 1398
2 0 2697 4 3518
2 0 2704 1 1446
3 0 2718 4 3535 1 1462
3 0 2722 1 1467 2 1304
2 0 2731 4 3552
2 0 2757 3 2766
2 0 2761 3 1788
2 0 2762 3 1792
2 0 2767 3 2787
2 0 2768 3 2781
2 0 2771 3 2789
5 0 2772 1 2745 4 4444 2 2524 3 1829
2 0 2776 3 2804
3 0 2781 1 2757 2 2554
2 0 2785 3 2801
2 0 2786 3 2816
2 0 2788 3 3468
2 0 2808 3 2822
7 0 2815 1 2786 2 3105 3 2827 4 4475 5 4380 8 4150
2 0 2819 3 2850
2 0 2820 3 2851
2 0 2832 4 3899
2 0 2834 3 1932
5 0 2836 1 1961 2 1825 3 2857 4 3908
2 0 2850 3 2871
2 0 2851 3 2889
2 0 2859 3 2848
2 0 2861 3 2886
4 0 2866 1 2918 3 3504 2 2767
2 0 2868 3 2866
2 0 2873 1 2741
2 0 2874 1 2742
2 0 2877 3 1941
2 0 2884 3 2880
2 0 2889 3 2892
2 0 2892 3 2907
3 0 2896 1 2157 3 2900
3 0 2897 4 3657 1 2760
2 0 2899 3 2899
2 0 2910 3 2915
2 0 2915 4 3956
2 0 2920 3 2957
2 0 2922 3 2023
4 0 2923 1 2208 3 2935 4 3964
2 0 2924 3 2931
2 0 2925 3 2932
2 0 2933 3 2966
2 0 2935 3 2946
4 0 2936 1 2955 3 3548 4 4626
4 0 2937 1 2956 3 3549 4 4627
2 0 2940 3 3533
2 0 2942 3 2076
2 0 2943 3 2986
4 0 2946 1 2232 3 2963 2 775
2 0 2948 1 802
3 0 2951 1 2947 3 3555
3 0 2952 1 3022 2 2047
2 0 2953 3 2982
3 0 2954 1 2256 2 2053
2 0 2965 3 2106
2 0 2967 3 3028
2 0 2972 3 3030
3 0 2973 1 1972 3 3031
2 0 2974 3 2138
2 0 2975 3 3033
2 0 2976 3 3011
3 0 2978 1 3046 2 2810
4 0 2981 1 3054 3 2985 2 2806
2 0 2982 3 3035
2 0 2987 3 2995
2 0 2988 3 2996
2 0 2992 3 3000
2 0 2994 3 3044
2 0 2998 1 2993
5 0 2999 1 2301 3 3017 4 4624 2 2103
2 0 3000 3 3037
2 0 3001 3 3022
4 0 3004 1 2304 3 3018 4 3085
4 0 3011 1 3020 3 3054 2 2126
3 0 3013 3 3050 1 2884
2 0 3015 3 3029
2 0 3016 3 3024
2 0 3017 3 3058
3 0 3018 1 2258 2 2158
2 0 3021 3 2195
9 0 3022 1 2269 3 3068 4 4137 2 2175 5 3540 7 2147 8 1985 6 2322
2 0 3029 3 3057
3 0 3030 1 2894 3 3077
4 0 3032 1 2339 3 3042 2 937
2 0 3033 1 2899
2 0 3036 3 3081
3 0 3038 1 3045 2 2163
2 0 3039 4 4183
4 0 3042 1 2307 3 3090 2 2206
3 0 3045 1 3048 2 2129
3 0 3046 4 4173 6 2351
2 0 3048 3 3082
4 0 3050 1 2928 2 2545 3 2247
3 0 3051 1 2929 3 2248
2 0 3054 3 3617
2 0 3055 3 3093
2 0 3056 3 2258
3 0 3057 1 2935 2 2549
3 0 3061 1 2321 2 2127
4 0 3062 1 2943 3 3095 2 2553
2 0 3063 2 2544
3 0 3072 1 2948 2 2567
2 0 3073 1 2311
3 0 3075 1 3498 3 3106
4 0 3082 1 2957 3 3117 2 3108
2 0 3085 4 4164
3 0 3088 1 2970 2 3120
2 0 3089 1 2341
2 0 3090 3 3120
2 0 3095 3 3132
3 0 3098 1 2974 2 2594
3 0 3099 1 2972 2 2598
2 0 3100 3 3139
2 0 3109 3 3160
3 0 3112 1 3000 3 3149
4 0 3113 1 3001 2 2633 3 3150
2 0 3120 3 3661
2 0 3121 3 3653
2 0 3126 3 2417
4 0 3136 2 2660 3 2440 4 3953
2 0 3138 3 3170
3 0 3139 4 3941 3 2439
7 0 3145 1 2447 3 3189 4 4287 5 3568 6 3067 7 2186
5 0 3146 1 2448 3 3190 4 4288 2 2308
2 0 3148 3 3191
3 0 3151 1 2412 3 3194
2 0 3152 4 4570
3 0 3156 1 2407 3 3208
3 0 3161 3 3212 4 4240
5 0 3162 1 2441 4 4256 2 2272 3 3211
3 0 3163 2 2273 1 2442
3 0 3164 1 2409 3 3686
2 0 3173 3 3699
2 0 3174 3 3232
4 0 3178 1 2446 2 1164 4 4261
2 0 3179 3 3230
3 0 3180 4 4609 3 3698
2 0 3181 4 4610
3 0 3183 3 3237 4 4013
3 0 3185 3 3239 4 4007
2 0 3186 3 3240
2 0 3191 4 3053
3 0 3193 3 3250 4 4019
3 0 3196 3 3246 4 4010
2 0 3198 3 2524
2 0 3199 4 4281
3 0 3200 3 3706 4 4613
2 0 3201 4 4706
3 0 3203 3 3262 4 4220
4 0 3204 1 3085 2 2720 3 3243
2 0 3211 4 4176
2 0 3212 4 4177
4 0 3213 1 2348 3 3713 2 1936
5 0 3214 1 2445 3 3274 2 2216 4 4233
3 0 3216 3 3271 4 4031
2 0 3218 1 1224
2 0 3221 3 3282
2 0 3230 1 2405
4 0 3231 1 2406 4 3216 3 2589
2 0 3233 3 3298
2 0 3234 4 4112
2 0 3235 4 3226
3 0 3236 1 2410 4 3227
4 0 3247 1 2374 4 4065 3 3299
2 0 3248 4 4643
4 0 3249 1 3167 3 3313 2 2907
3 0 3252 1 2470 3 3315
2 0 3253 3 3314
2 0 3255 4 4132
5 0 3262 1 2496 3 3328 2 2282 4 4748
2 0 3263 3 3750
2 0 3264 3 2618
3 0 3273 1 2518 2 2294
4 0 3276 3 3339 4 4267 1 2488
3 0 3277 1 2489 4 4268
2 0 3289 3 3347
2 0 3300 1 2437
3 0 3301 1 2504 3 3361
2 0 3303 3 3763
3 0 3306 3 3369 1 3193
4 0 3309 2 1992 3 3348 1 3136
2 0 3313 3 3377
3 0 3316 3 3381 4 4310
3 0 3323 1 2541 4 4309
2 0 3324 1 2542
3 0 3325 1 2543 4 4308
3 0 3346 2 2234 4 4265
4 0 3348 1 2575 2 1281 4 4329
2 0 3354 1 3184
2 0 3393 3 3452
2 0 3394 3 3453
2 0 3397 3 3454
2 0 3398 3 2806
2 0 3399 3 3455
3 0 3402 4 4839 3 3461
2 0 3403 3 3460
5 0 3406 3 3463 4 4520 1 2810 2 2648
2 0 3407 3 3471
2 0 3410 3 2834
3 0 3411 3 3472 1 3401
4 0 3423 1 3803 3 2838 2 3477
2 0 3424 3 3812
2 0 3425 3 3483
2 0 3428 3 3493
2 0 3436 3 3500
2 0 3437 1 3343
2 0 3444 3 3823
2 0 3445 3 3490
2 0 3450 3 3497
2 0 3451 3 3503
2 0 3459 3 2916
2 0 3464 1 2195
2 0 3465 3 3524
2 0 3466 3 3527
2 0 3467 3 3531
4 0 3471 1 3021 3 3536 4 4583
2 0 3472 3 3543
2 0 3474 3 3552
2 0 3475 3 3551
3 0 3479 1 3504 3 3569
2 0 3480 3 3565
5 0 3482 3 3572 4 4082 5 3508 8 3054
2 0 3483 3 3573
3 0 3484 1 3416 3 3570
2 0 3485 3 3579
3 0 3486 1 3427 3 3576
3 0 3487 1 3428 3 3577
2 0 3489 3 3589
2 0 3490 3 3002
2 0 3495 3 3558
3 0 3507 1 3444 3 3053
2 0 3509 3 3566
2 0 3510 1 3033
2 0 3511 3 3587
2 0 3517 3 3601
2 0 3519 3 3603
3 0 3520 1 3031 3 3593
3 0 3525 1 2897 3 3607
2 0 3526 3 3583
3 0 3527 1 3034 2 2152
5 0 3529 1 2285 4 4150 2 2185 3 3079
3 0 3530 4 4151 3 3080
2 0 3533 3 3606
2 0 3534 3 3600
2 0 3536 3 3613
4 0 3537 2 3084 3 3620 1 3476
2 0 3540 1 3568
2 0 3541 3 3618
2 0 3543 3 3887
2 0 3548 1 3570
2 0 3550 3 3630
2 0 3551 3 3634
2 0 3552 3 3635
2 0 3553 3 3631
4 0 3558 1 3112 4 4722 5 3593
2 0 3563 3 3919
2 0 3564 3 3649
2 0 3566 3 3657
2 0 3567 3 3658
4 0 3573 1 3524 2 3156 3 3660
4 0 3574 2 3467 3 3945 4 4884
3 0 3576 3 3663 1 3024
3 0 3577 1 3025 3 3664
3 0 3580 2 3463 3 3668
2 0 3582 3 3670
2 0 3584 3 3675
2 0 3585 3 3676
2 0 3587 3 3681
2 0 3588 3 3682
2 0 3589 3 3962
2 0 3592 3 3690
2 0 3595 3 3216
2 0 3597 3 3696
2 0 3598 3 3704
3 0 3602 3 3707 4 4621
2 0 3603 3 3712
3 0 3605 3 3710 4 4617
3 0 3608 3 3711 4 4620
2 0 3609 4 4732
2 0 3610 3 3716
3 0 3611 3 3717 4 4971
3 0 3613 3 3979 4 4976
3 0 3614 3 3721 4 4629
2 0 3618 3 3727
2 0 3619 3 3728
3 0 3620 3 3725 4 4632
2 0 3622 3 3724
3 0 3623 3 3736 4 4730
2 0 3625 3 3738
2 0 3626 1 3135
2 0 3627 4 4651
4 0 3631 1 3129 3 3739 4 4647
4 0 3632 3 3747 4 4133 1 3142
4 0 3633 1 3134 3 3746 4 4654
2 0 3636 1 3138
3 0 3638 1 3172 3 3755
4 0 3641 1 3141 3 3752 4 4664
2 0 3643 3 3753
4 0 3644 1 3146 3 3754 4 4663
2 0 3645 4 4758
2 0 3647 3 3768
3 0 3651 1 3625 3 3760
4 0 3652 1 3187 4 4754 2 2293
4 0 3658 3 4006 1 3170 4 4941
3 0 3660 1 3203 2 2928
3 0 3663 4 4721 6 2706
3 0 3672 2 2337 4 4764
2 0 3681 1 3183
3 0 3691 1 3216 2 2917
2 0 3693 1 2636
3 0 3704 3 3792 4 4856
2 0 3705 3 3450
2 0 3706 3 3794
3 0 3708 1 3360 3 3458
4 0 3710 1 3754 3 3800 4 5051
4 0 3717 1 3373 3 3804 2 3124
4 0 3718 1 3374 2 3123 3 3805
4 0 3720 1 3761 2 3155 4 5057
5 0 3724 4 4877 1 3399 2 3176 5 4434
5 0 3725 4 4878 1 3400 2 3177 5 4433
2 0 3728 3 3473
2 0 3730 3 3810
2 0 3731 3 3811
2 0 3732 3 3815
7 0 3733 3 3816 4 4890 1 3418 2 3187 5 4250 8 4065
2 0 3734 3 3818
2 0 3736 3 3819
2 0 3738 3 3477
3 0 3739 1 3455 3 3820
2 0 3741 1 3462
2 0 3748 3 3826
2 0 3753 3 3829
2 0 3754 3 3842
2 0 3755 3 3827
2 0 3756 3 3828
2 0 3761 3 3831
2 0 3763 3 3838
3 0 3767 1 3516 3 3841
3 0 3768 3 3518 1 3518
3 0 3771 3 3847 4 4898
2 0 3772 3 3855
2 0 3774 3 3852
2 0 3776 3 3862
6 0 3777 1 3535 3 3541 6 3601 2 2790 4 4591
2 0 3780 3 4090
2 0 3784 3 3868
2 0 3788 3 3864
2 0 3789 3 3872
2 0 3793 3 3880
2 0 3794 3 3871
3 0 3796 1 3791 3 3885
3 0 3797 1 3790 3 3884
2 0 3798 3 4095
2 0 3799 3 4103
2 0 3800 3 4104
2 0 3803 3 3873
3 0 3804 3 3875 1 3578
2 0 3805 1 3842
4 0 3806 1 3797 2 3412 3 3611
3 0 3808 1 3550 4 4676
2 0 3809 3 3892
2 0 3812 3 3897
2 0 3816 3 3916
2 0 3817 3 3914
2 0 3818 3 3915
2 0 3820 3 3918
4 0 3824 1 3825 3 3922 2 3452
2 0 3825 3 3923
2 0 3828 3 3937
2 0 3830 3 3929
2 0 3831 3 3930
4 0 3832 1 3829 2 3461 3 4133
2 0 3833 3 3944
3 0 3834 3 3942 4 4879
2 0 3835 3 3943
6 0 3836 1 3606 3 3941 4 4970 2 3329 5 4027
2 0 3839 3 3932
3 0 3840 3 3951 4 4894
3 0 3841 3 3952 4 4895
2 0 3843 3 3953
4 0 3844 1 3839 3 3948 2 3475
4 0 3845 1 3840 3 3949 2 3476
3 0 3853 3 3964 4 5099
2 0 3854 3 3970
2 0 3860 4 5097
2 0 3861 3 3703
2 0 3865 3 4152
5 0 3868 1 3631 2 3328 3 3977 4 4979
5 0 3869 1 3886 3 3976 2 3579 4 5147
3 0 3875 3 3985 4 4926
2 0 3877 3 3988
4 0 3878 3 3992 4 4929 1 3603
2 0 3882 1 3612
2 0 3883 3 3997
2 0 3893 3 4005
2 0 3894 4 4958
3 0 3896 2 3318 1 3898
4 0 3904 1 3240 2 3357 4 4796
4 0 3913 1 3900 4 4960 6 3533
3 0 3926 2 3115 3 4043
2 0 3929 3 4049
2 0 3931 3 4050
6 0 3933 1 3751 2 3443 3 4047 4 5045 8 4389
6 0 3934 1 3752 2 3442 3 4048 4 5044 8 4390
6 0 3937 1 3949 3 4051 4 5060 2 3642 8 4263
2 0 3939 3 4056
2 0 3943 3 4058
2 0 3944 3 4057
5 0 3946 1 3781 4 5086 5 4448 8 4050
6 0 3947 1 3782 3 4061 4 5087 5 4447 8 4051
2 0 3948 3 4060
2 0 3951 3 4054
2 0 3955 3 4064
2 0 3956 3 4065
2 0 3969 3 3850
2 0 3970 3 4068
3 0 3974 1 3830 3 4084
2 0 3975 3 3851
2 0 3976 3 4085
2 0 3978 3 3860
2 0 3980 3 4212
3 0 3988 1 3832 3 4093
4 0 3989 1 3843 3 4094 2 3288
2 0 3990 3 4100
4 0 3991 1 3963 2 3610 3 4105
4 0 3992 1 3540 3 3888 2 2843
2 0 3994 1 4008
4 0 3996 1 3964 2 3613 3 4224
2 0 4002 3 4109
3 0 4003 1 3973 2 3618
2 0 4004 3 4106
2 0 4005 3 4107
4 0 4006 1 3975 2 3616 3 3899
3 0 4009 1 3855 2 3570
5 0 4010 1 3856 4 5139 2 3571 8 4042
3 0 4012 1 3977 3 4118
3 0 4013 1 3981 3 4122
4 0 4014 1 3586 3 3920 4 4716
4 0 4015 1 3987 3 4125 2 3628
2 0 4016 3 4128
2 0 4018 3 4127
3 0 4019 1 3998 2 3636
2 0 4020 2 3635
2 0 4024 3 4135
2 0 4029 3 4139
2 0 4031 3 4140
2 0 4034 3 4141
2 0 4035 3 4142
4 0 4036 1 4037 3 4144 2 3719
2 0 4041 1 4013
3 0 4043 3 4150 4 5143
4 0 4044 1 3882 3 4151 2 3321
2 0 4051 3 3984
2 0 4052 3 4156
2 0 4055 3 4162
3 0 4056 1 3867 3 4163
3 0 4057 1 3868 3 4164
3 0 4058 3 4167 4 5113
4 0 4059 1 3875 3 4169 4 5118
2 0 4060 3 4170
2 0 4063 1 3894
2 0 4069 3 4174
3 0 4071 1 3896 4 5138
2 0 4081 3 4039
4 0 4083 1 3950 3 4188 2 3648
2 0 4084 3 4192
5 0 4085 2 3627 3 4191 4 5181 1 4077
2 0 4098 3 4284
2 0 4099 3 4209
2 0 4101 3 4210
2 0 4103 3 4086
2 0 4104 3 4087
3 0 4108 1 4001 2 3522
3 0 4109 1 4089 3 4217
2 0 4110 1 4090
3 0 4111 1 4113 3 4215
4 0 4112 1 4005 3 4216 2 3673
2 0 4114 3 4220
2 0 4120 3 4228
2 0 4121 3 4302
2 0 4127 3 4237
2 0 4129 3 4242
2 0 4130 3 4238
2 0 4131 3 4239
2 0 4132 3 4147
2 0 4134 3 4244
4 0 4135 1 4124 2 3658 3 4241
2 0 4136 3 4243
2 0 4137 3 4245
2 0 4138 3 4246
3 0 4139 3 4248 4 5205
2 0 4140 3 4253
2 0 4141 3 4254
2 0 4142 3 4255
2 0 4144 1 4033
2 0 4145 3 4256
4 0 4148 1 3871 3 4258 2 3227
4 0 4149 1 3872 3 4259 2 3228
3 0 4159 3 4272 4 5308
2 0 4161 3 4274
2 0 4165 3 4276
2 0 4166 3 4280
2 0 4167 3 4277
2 0 4169 3 4282
2 0 4175 3 4200
2 0 4176 3 4283
5 0 4180 1 4175 2 3848 3 4287 4 5325
4 0 4181 1 4176 2 3849 3 4288
2 0 4182 1 4160
2 0 4183 3 4292
3 0 4184 1 4125 3 4293
2 0 4190 3 4305
2 0 4191 3 4308
5 0 4192 1 4133 3 4309 2 3789 4 5287
2 0 4193 3 4310
2 0 4195 1 4114
2 0 4201 1 4139
4 0 4202 1 4127 2 3772 3 4313
2 0 4203 3 4314
3 0 4204 3 4315 4 5276
2 0 4205 3 4318
3 0 4206 3 4316 1 4141
2 0 4208 3 4317
2 0 4209 3 4351
2 0 4210 3 4320
2 0 4216 1 4190
2 0 4218 4 5303
5 0 4230 1 4227 3 4296 4 5333 2 3850
2 0 4233 3 4369
2 0 4237 3 4347
2 0 4238 3 4349
2 0 4239 3 4385
2 0 4242 3 4352
2 0 4249 3 4360
2 0 4255 3 4367
4 0 4256 1 4233 3 4368 2 3904
4 0 4257 1 4264 2 3901 4 5365
2 0 4260 3 4372
2 0 4262 3 4374
3 0 4263 1 4241 2 3910
2 0 4265 3 4378
2 0 4267 3 4384
3 0 4268 3 4382 4 5362
3 0 4269 3 4383 4 5361
2 0 4270 3 4386
2 0 4272 3 4387
2 0 4285 3 4390
2 0 4293 3 4402
2 0 4302 3 4409
2 1 41 5 1935
3 1 48 2 43 4 2588
2 1 52 2 1603
2 1 77 4 2551
2 1 89 4 2431
2 1 95 2 87
2 1 124 4 2541
2 1 130 4 2484
2 1 152 4 2411
2 1 153 4 2536
2 1 165 4 2529
2 1 178 4 2539
2 1 196 2 172
2 1 197 2 171
2 1 244 4 525
2 1 254 2 346
2 1 284 2 38
2 1 300 2 401
2 1 303 4 367
2 1 329 4 2514
2 1 353 2 16
2 1 358 4 2517
2 1 363 2 1759
2 1 371 2 431
2 1 409 2 494
2 1 424 2 84
2 1 426 2 366
2 1 427 2 446
2 1 430 2 55
2 1 432 3 721
2 1 433 3 722
2 1 438 2 82
2 1 440 2 514
2 1 444 2 86
2 1 458 2 1650
3 1 475 2 1593 4 2590
2 1 477 4 307
2 1 483 4 441
2 1 493 4 2980
3 1 495 2 54 4 510
2 1 501 4 3003
2 1 513 2 651
2 1 543 2 1995
2 1 551 2 1691
2 1 554 2 696
2 1 586 2 1923
2 1 597 2 488
2 1 609 4 2782
2 1 618 2 1868
2 1 622 2 152
2 1 641 2 604
2 1 648 2 575
2 1 667 2 626
2 1 673 3 2284
2 1 689 2 270
2 1 692 2 2763
2 1 708 2 2016
2 1 730 4 1162
2 1 740 2 677
4 1 744 4 1528 5 1282 2 911
3 1 745 4 1529 5 1281
2 1 752 2 726
2 1 760 2 2019
2 1 763 4 2996
2 1 781 2 906
2 1 782 2 907
2 1 785 2 1809
2 1 793 2 767
2 1 796 2 743
2 1 825 2 787
2 1 830 2 2050
2 1 837 2 792
2 1 848 2 809
2 1 871 2 798
3 1 877 2 818 4 3095
2 1 881 2 836
2 1 885 2 854
6 1 891 4 3256 5 1223 6 1156 7 1194 8 189
2 1 931 2 897
2 1 940 3 896
2 1 955 3 2123
2 1 978 3 3039
3 1 1000 2 950 3 3046
2 1 1056 4 1340
3 1 1065 4 1561 3 2568
2 1 1074 2 1104
2 1 1096 4 1401
2 1 1120 3 1416
2 1 1123 2 1082
3 1 1135 4 1484 3 1419
2 1 1138 4 1743
2 1 1139 4 1744
2 1 1142 4 1758
2 1 1160 2 1225
5 1 1161 4 3442 5 1288 6 1204 7 1227
2 1 1171 5 7
2 1 1176 3 1423
2 1 1189 3 1442
2 1 1190 2 1124
2 1 1213 2 808
2 1 1214 4 3213
2 1 1229 3 1498
2 1 1244 4 3417
2 1 1261 2 807
2 1 1262 4 1700
4 1 1306 4 3451 2 1158 3 2644
5 1 1372 4 3414 6 364 7 415 8 1522
2 1 1380 2 1267
2 1 1381 2 1268
2 1 1402 2 2335
2 1 1404 4 3498
2 1 1405 4 3499
2 1 1407 2 1244
2 1 1408 2 1245
2 1 1434 2 1260
5 1 1438 2 1085 4 2036 5 12 6 213
2 1 1440 4 4248
2 1 1447 2 1279
2 1 1448 2 1288
2 1 1449 2 1287
2 1 1456 2 1186
2 1 1464 2 1132
2 1 1466 2 1303
2 1 1474 2 1297
2 1 1480 4 2074
2 1 1504 2 1121
3 1 1505 2 1179 4 2130
2 1 1511 4 3478
2 1 1512 4 3479
2 1 1526 2 1131
3 1 1544 6 1711 7 173
3 1 1546 6 183 7 184
2 1 1548 4 2155
5 1 1550 2 1220 4 3515 5 1936 6 276
4 1 1551 2 1221 4 3516 5 1937
2 1 1555 7 1566
2 1 1559 2 1362
2 1 1560 2 1363
2 1 1567 2 1379
3 1 1587 6 100 7 1543
2 1 1588 6 101
2 1 1595 6 120
2 1 1616 2 1191
2 1 1619 2 1361
3 1 1625 6 1677 7 1528
2 1 1649 2 1200
2 1 1660 2 2374
2 1 1699 2 1411
4 1 1776 2 1622 4 3741 3 1793
2 1 1808 2 2533
2 1 1819 2 1673
2 1 1829 4 2439
2 1 1871 2 2569
2 1 1877 4 2627
3 1 1887 3 1889 4 4484
2 1 1888 4 4485
2 1 1900 4 2549
2 1 1906 2 1611
4 1 1913 6 1880 5 2268 8 2218
2 1 1935 4 3674
2 1 1956 2 1856
2 1 1959 2 1627
2 1 1967 2 1867
2 1 1984 4 2538
2 1 2003 4 3721
2 1 2023 3 1997
3 1 2027 4 2647 2 1645
2 1 2034 2 2531
2 1 2036 2 1897
2 1 2050 2 1613
2 1 2057 6 1012
2 1 2077 3 1979
2 1 2083 2 1888
2 1 2088 2 1935
2 1 2106 2 2555
2 1 2112 2 1954
2 1 2120 2 1961
2 1 2121 4 3977
2 1 2138 6 2187
2 1 2146 3 2300
2 1 2148 2 629
2 1 2152 2 1748
2 1 2162 2 1945
2 1 2176 2 2011
2 1 2188 2 2015
2 1 2197 2 814
2 1 2206 2 2100
2 1 2209 2 742
2 1 2228 2 2014
2 1 2236 2 2024
2 1 2241 2 942
2 1 2244 3 3041
2 1 2246 2 2147
2 1 2248 2 870
2 1 2249 2 871
2 1 2262 2 2065
2 1 2263 2 2066
2 1 2272 2 2071
2 1 2275 3 2990
2 1 2279 2 2179
2 1 2280 2 1853
4 1 2282 5 2840 7 1349 6 1287
4 1 2283 5 2839 7 1348 6 1286
2 1 2286 2 2186
2 1 2287 2 866
2 1 2295 2 2141
2 1 2297 2 877
2 1 2299 2 2105
2 1 2305 2 2187
2 1 2306 2 2092
2 1 2312 2 2114
2 1 2319 2 2176
4 1 2326 2 2263 6 2453 5 2882
2 1 2327 2 2264
2 1 2334 7 1414
3 1 2335 7 1413 5 2891
2 1 2365 3 3272
3 1 2394 3 3305 4 3157
2 1 2402 3 2526
2 1 2403 4 4237
2 1 2413 3 3195
2 1 2419 3 3255
2 1 2420 3 3256
2 1 2421 3 2601
2 1 2427 2 2243
2 1 2453 3 2566
2 1 2463 2 2271
2 1 2464 2 2281
2 1 2472 3 3374
2 1 2473 2 2252
2 1 2484 2 890
2 1 2485 2 891
3 1 2516 2 1181 4 4295
2 1 2517 2 1182
2 1 2528 2 2284
2 1 2547 2 1053
2 1 2552 2 2297
2 1 2555 4 4320
2 1 2562 2 2257
2 1 2563 2 2307
6 1 2570 2 1090 4 3430 5 25 6 1742 7 238
2 1 2572 4 4271
5 1 2574 4 4270 2 2880 6 1730 7 1588
4 1 2577 2 1102 5 1926 4 3440
3 1 2579 4 4279 2 2236
6 1 2584 2 1119 4 4289 7 260 5 1933 6 1762
2 1 2587 2 1133
2 1 2588 2 1134
2 1 2592 2 2254
2 1 2593 2 2255
2 1 2617 2 2247
2 1 2642 2 2394
2 1 2647 4 4323
2 1 2648 4 4324
2 1 2655 2 2390
2 1 2662 2 2367
2 1 2663 6 1692
2 1 2665 2 2380
2 1 2679 2 1445
2 1 2690 2 2391
2 1 2692 2 1312
2 1 2703 2 1320
2 1 2765 2 2570
2 1 2773 2 2609
2 1 2778 2 2581
3 1 2779 4 4498 8 4076
2 1 2780 2 2614
2 1 2783 4 4440
2 1 2784 2 2612
2 1 2787 2 2617
8 1 2796 2 2579 3 1892 4 4482 7 3171 5 4376 6 3747 8 4159
4 1 2797 2 2580 3 1893 4 4483
2 1 2807 2 3111
2 1 2808 2 3112
3 1 2809 2 1771 3 2832
4 1 2816 2 2654 4 4528 8 3691
2 1 2824 4 4537
4 1 2825 4 4538 5 4239 8 3701
4 1 2826 2 2664 4 4540 8 3686
2 1 2867 3 1957
2 1 2882 2 2681
2 1 2888 2 2733
2 1 2902 2 2512
2 1 2908 2 2547
2 1 2921 2 2716
2 1 2927 2 2541
2 1 2939 3 3546
2 1 2940 2 3205
2 1 2958 2 2715
2 1 2973 2 2043
3 1 2976 2 1950 3 2969
2 1 2980 2 2754
2 1 2987 2 2741
2 1 2996 2 2753
2 1 3004 2 2025
2 1 3007 2 2629
2 1 3011 2 2033
2 1 3013 2 2645
2 1 3026 3 2968
2 1 3028 2 2788
2 1 3035 2 2807
2 1 3037 2 2134
2 1 3038 2 2803
2 1 3044 2 2689
2 1 3050 2 2812
2 1 3051 2 2813
2 1 3075 2 2118
2 1 3078 2 2835
3 1 3080 2 2710 3 3228
2 1 3081 3 3275
2 1 3082 2 3204
2 1 3088 2 2704
2 1 3089 2 2705
2 1 3090 2 953
2 1 3095 2 2893
2 1 3111 3 3639
2 1 3144 2 2889
2 1 3145 4 4662
2 1 3158 3 3346
2 1 3159 2 2913
3 1 3162 3 3358 4 4708
3 1 3175 2 2270 4 4742
4 1 3195 2 2923 3 3385 4 4756
2 1 3196 2 2301
2 1 3197 2 2300
2 1 3201 2 3322
3 1 3205 2 2874 4 4727
2 1 3206 2 2934
2 1 3207 2 2933
5 1 3215 2 2235 6 2639 4 4276 7 2382
2 1 3220 2 2910
2 1 3221 2 2911
6 1 3227 4 4749 5 3075 6 2649 7 1601 2 2256
2 1 3261 2 2912
2 1 3271 2 2383
3 1 3280 4 4792 2 2953
2 1 3282 2 3020
3 1 3285 2 2314 4 4775
2 1 3299 2 2325
2 1 3300 2 2326
2 1 3304 2 3022
2 1 3306 2 2338
2 1 3313 2 3008
2 1 3320 2 2974
2 1 3364 2 3128
2 1 3365 2 3131
2 1 3366 3 3469
2 1 3370 2 3110
2 1 3381 2 3151
2 1 3403 2 3073
2 1 3404 2 3145
4 1 3408 2 3179 4 4881 5 4243
2 1 3409 2 3182
3 1 3413 2 3191 4 4891
2 1 3426 2 3203
3 1 3433 2 3201 5 4255
3 1 3439 3 3501 4 4558
2 1 3453 2 3223
2 1 3454 2 3224
2 1 3461 2 3232
2 1 3463 2 3410
3 1 3468 2 3240 3 3824
2 1 3475 2 3489
2 1 3478 2 3082
2 1 3479 2 3083
2 1 3487 2 3094
2 1 3488 3 3545
2 1 3491 2 3184
2 1 3493 3 2877
2 1 3501 3 3636
2 1 3506 2 2771
2 1 3513 2 3258
2 1 3521 2 3267
2 1 3522 2 2780
2 1 3532 2 3158
2 1 3537 5 4560
3 1 3538 2 3169 3 3954
2 1 3541 2 3261
3 1 3543 2 3262 4 4630
2 1 3547 2 2848
2 1 3554 2 3275
2 1 3556 2 3273
2 1 3559 2 3279
2 1 3561 2 3278
2 1 3565 2 3199
2 1 3567 2 2837
2 1 3569 2 2832
3 1 3572 2 2847 4 4937
3 1 3577 2 2849 3 3904
2 1 3580 2 3219
2 1 3609 2 3320
2 1 3610 2 3319
2 1 3617 3 3772
3 1 3643 2 2903 4 4977
3 1 3644 3 4002 4 4982
2 1 3649 4 4717
2 1 3652 2 3568
2 1 3653 2 3337
2 1 3654 2 3336
2 1 3655 7 2841
2 1 3660 2 3341
3 1 3674 2 3317 4 4978
6 1 3680 2 2897 4 4750 6 2657 5 3078 7 1603
2 1 3688 2 3340
2 1 3694 2 3323
3 1 3699 2 3331 4 4998
2 1 3705 2 2927
3 1 3722 2 2942 4 4791
2 1 3723 2 3367
2 1 3755 3 3808
5 1 3786 2 3495 4 5085 5 4444 8 4058
3 1 3792 2 3416 4 5037
5 1 3795 2 3513 5 4284 6 3671 7 3284
5 1 3796 2 3514 5 4283 7 3283 6 3670
2 1 3807 2 3518
2 1 3814 2 3434
2 1 3815 2 3435
2 1 3816 2 3510
2 1 3820 2 3448
2 1 3826 2 3453
2 1 3827 2 3458
3 1 3847 2 3274 4 4918
2 1 3849 2 3541
2 1 3850 2 3542
2 1 3853 2 3706
2 1 3884 2 3575
2 1 3892 2 3564
2 1 3893 2 3565
3 1 3902 2 3562 6 3535
2 1 3911 2 3572
2 1 3912 2 3350
2 1 3920 2 3343
2 1 3921 2 3344
2 1 3926 2 3358
2 1 3937 4 5017
2 1 3948 4 5167
2 1 3961 2 3652
2 1 3971 2 3615
2 1 3972 2 3657
2 1 3974 2 3494
2 1 3976 2 3660
2 1 3980 2 3508
2 1 3994 3 4207
2 1 4000 2 3521
2 1 4007 2 3530
3 1 4051 2 3573 4 5150
3 1 4054 2 3713 4 5230
3 1 4058 2 3718 4 5233
2 1 4063 2 3578
3 1 4064 2 3722 4 5237
2 1 4068 2 3725
2 1 4078 2 3750
2 1 4081 4 5244
2 1 4093 2 3745
2 1 4098 3 4297
2 1 4103 2 3746
2 1 4106 2 3841
4 1 4118 2 3682 3 4290 4 5270
3 1 4137 2 3716 4 5291
2 1 4138 2 3797
2 1 4142 2 3790
3 1 4152 2 3822 3 4273
2 1 4158 2 3834
2 1 4167 5 4609
2 1 4170 2 3894
2 1 4172 2 3846
2 1 4173 2 3830
2 1 4174 2 3831
3 1 4183 4 5345 2 3861
2 1 4187 2 3866
2 1 4191 2 3865
2 1 4196 2 3795
2 1 4197 2 3862
2 1 4202 2 3878
2 1 4228 2 3887
3 1 4231 2 3891 3 4346
2 1 4246 2 3906
2 1 4247 4 5346
3 1 4249 2 3907 4 5379
2 1 4263 2 3924
2 1 4275 2 3926
2 1 4287 2 3954
2 1 4292 2 3959
3 1 4294 2 3963 7 3677
2 1 4295 2 3964
2 1 4309 2 3977
2 2 40 4 2655
3 2 49 5 2291 4 2797
2 2 62 3 865
2 2 83 4 514
2 2 128 4 2724
2 2 129 4 2725
2 2 131 4 613
2 2 178 4 2723
3 2 256 3 985 4 2771
3 2 257 3 986 4 2772
2 2 259 3 987
2 2 356 5 730
2 2 408 3 1074
2 2 414 4 813
2 2 429 4 2907
2 2 440 4 2871
2 2 443 4 1010
2 2 469 3 1359
2 2 492 3 528
2 2 751 3 1355
2 2 759 3 2945
2 2 794 4 2988
2 2 826 3 3367
2 2 962 4 1640
2 2 1074 4 4236
2 2 1097 3 980
2 2 1138 4 3463
2 2 1139 4 3464
2 2 1153 4 3450
2 2 1154 4 3449
2 2 1180 4 2131
2 2 1630 4 2603
2 2 1636 4 526
2 2 1662 4 2630
2 2 1663 4 2641
2 2 1670 4 2656
2 2 1674 4 2645
2 2 1679 4 2661
2 2 1680 4 2669
2 2 1681 4 2678
2 2 1699 4 3819
2 2 1726 4 2727
2 2 1728 4 2737
2 2 1742 4 2788
2 2 1838 4 2944
2 2 2146 4 4115
6 2 2189 3 3084 4 4165 5 2741 6 2331 7 2153
2 2 2239 4 4249
2 2 2251 4 4272
2 2 2313 4 4325
2 2 2518 4 3737
2 2 2521 4 3753
2 2 2543 4 3766
2 2 2550 4 3777
2 2 2586 4 4501
2 2 2593 4 3844
2 2 2879 4 4729
2 2 2898 4 4747
2 2 2905 5 1934
3 2 2950 4 4788 8 3401
2 2 3077 4 4453
2 2 3089 4 4463
2 2 3095 4 4840
3 2 3114 4 4496 3 3640
2 2 3121 3 3644
2 2 3141 5 2207
2 2 3165 5 4240
2 2 3251 4 4606
2 2 3305 4 4957
2 2 3360 4 4798
2 2 3421 4 4842
2 2 3422 4 4836
2 2 3424 4 4847
2 2 3441 3 3917
3 2 3447 4 4868 3 3647
2 2 3622 3 3907
2 2 3717 4 5292
2 2 3788 4 5293
2 2 3798 4 5295
2 2 3817 4 5250
2 2 3818 4 5251
2 3 1240 4 3413
2 3 1243 4 3276
2 3 1307 4 3376
2 3 1316 4 1308
2 3 1325 4 1346
2 3 1329 4 1332
2 3 1330 4 1333
2 3 1335 4 1330
2 3 1357 4 3382
2 3 1385 4 1715
2 3 1422 4 1479
2 3 1459 4 1554
2 3 1460 4 1555
2 3 1713 4 3720
3 3 1888 4 4479 7 3166
2 3 1940 4 1036
2 3 2062 4 3986
2 3 2533 4 3084
2 3 2577 4 4212
2 3 2632 4 3465
2 3 2659 4 3456
2 3 2723 4 3698
2 3 2791 4 3799
2 3 2826 4 4476
2 3 2961 4 3984
2 3 3026 4 4032
2 3 3185 4 4557
2 3 3257 4 4023
2 3 3261 4 4021
2 3 3269 4 4028
2 3 3292 4 4055
2 3 3294 4 4060
2 3 3378 4 4718
2 3 3803 4 5035
2 3 3993 4 4939
2 3 4038 4 5041
2 3 4260 4 5209
2 3 4328 4 5356
2 3 4358 4 5384
4 4 671 6 2638 5 3151 7 1720
3 4 686 5 2226 8 2232
3 4 770 5 3173 6 2668
3 4 771 5 3174 6 2669
2 4 888 8 303
2 4 900 5 932
3 4 901 5 933 8 272
2 4 939 5 954
2 4 992 5 991
3 4 1005 5 1020 8 215
3 4 1007 5 2576 8 252
3 4 1008 8 251 5 2577
2 4 1042 5 1048
2 4 1051 5 1103
3 4 1108 5 1092 6 990
3 4 1109 5 1091 6 989
4 4 1182 5 1155 6 1076 7 1144
3 4 1205 5 1090 6 1006
2 4 1206 5 1089
4 4 1497 5 2668 7 1115 8 274
2 4 1823 5 1266
2 4 1980 8 1609
2 4 1994 7 384
2 4 2021 5 32
2 4 2022 5 33
2 4 2030 8 1493
3 4 2735 5 3168 7 2475
4 4 2792 5 522 6 429 7 638
2 4 2798 5 2290
3 4 2863 5 2538 8 289
2 4 2868 5 3433
2 4 2905 6 2045
3 4 3002 5 2667 8 118
2 4 3134 5 2620
2 4 3135 5 2619
2 4 3189 5 2685
2 4 3205 7 1079
4 4 3211 5 2689 7 2126 8 2018
2 4 3214 5 1225
2 4 3220 5 2693
3 4 3294 5 2739 7 2150
4 4 3441 5 1287 6 1203 7 1226
2 4 3458 6 271
3 4 3481 7 1757 8 2735
2 4 3830 8 3074
3 4 3954 5 3461 8 1986
3 4 4047 8 4128 7 2980
2 4 4079 5 3554
3 4 4083 5 3507 8 3055
2 4 4087 5 3502
3 4 4088 5 3501 6 2277
3 4 4094 5 3506 8 3061
2 4 4120 5 3524
5 4 4123 5 3527 6 3023 7 2722 8 3050
5 4 4161 5 2753 6 2350 7 2172 8 1964
5 4 4162 5 2752 6 2349 7 2171 8 1965
5 4 4190 5 2758 6 2357 7 2179 8 1967
3 4 4252 5 1916 7 1596
2 4 4264 8 3520
3 4 4285 7 1732 8 2755
3 4 4290 7 1609 6 1769
2 4 4466 8 4132
5 4 4473 7 2985 8 3769 5 3868 6 3328
2 4 4487 8 4083
2 4 4514 8 3698
3 4 4531 5 4211 8 3738
3 4 4532 5 4210 8 3739
2 4 4550 8 3677
3 4 4553 5 3987 8 3683
2 4 4686 5 4034
3 4 4752 7 2481 8 3490
3 4 4896 5 4259 8 4054
3 4 4897 5 4258 8 4055
3 4 4899 5 4266 8 3672
2 4 5071 8 4258
4 4 5133 5 4464 6 3838 7 3431
2 5 8 6 98
2 5 16 6 104
3 5 17 6 105 7 216
2 5 71 7 265
3 5 75 6 272 7 278
3 5 125 6 189 7 367
2 5 128 7 1647
2 5 129 7 1648
2 5 137 6 147
2 5 139 8 1029
2 5 176 7 360
3 5 177 6 228 8 2483
2 5 181 6 1707
2 5 189 8 1041
2 5 212 7 440
3 5 213 6 1693 7 388
2 5 217 6 200
2 5 247 6 223
2 5 263 8 951
2 5 268 8 1780
2 5 320 8 902
2 5 328 7 499
2 5 330 6 384
2 5 351 8 968
2 5 357 8 869
2 5 358 7 633
4 5 383 6 1814 7 535 8 763
4 5 384 6 407 7 572 8 921
3 5 402 6 474 7 657
2 5 403 6 1820
2 5 406 7 662
2 5 423 6 534
2 5 425 8 863
4 5 426 6 440 7 607 8 862
3 5 439 6 1840 7 601
2 5 440 7 687
2 5 445 6 469
3 5 448 7 690 8 743
3 5 478 6 552 7 717
2 5 524 6 424
2 5 565 6 582
2 5 581 7 786
2 5 591 7 741
3 5 600 7 753 6 621
3 5 609 6 613 7 754
2 5 613 6 609
2 5 623 6 654
2 5 628 6 657
2 5 635 8 1262
3 5 645 7 838 8 2209
2 5 652 6 706
2 5 661 8 1293
2 5 668 8 605
2 5 677 7 851
3 5 683 7 762 8 544
4 5 684 6 1972 8 543 7 763
3 5 688 7 862 8 616
2 5 715 7 871
2 5 738 8 534
2 5 748 6 2065
2 5 758 7 1931
2 5 772 7 912
2 5 781 7 847
2 5 784 7 919
2 5 807 7 927
2 5 810 8 416
2 5 837 7 975
2 5 859 7 924
2 5 885 7 2006
2 5 901 8 288
2 5 902 8 287
2 5 938 6 897
2 5 946 8 382
2 5 950 6 852
2 5 973 6 904
2 5 974 6 905
2 5 996 7 1008
2 5 998 7 1049
2 5 999 7 1018
2 5 1033 8 2099
3 5 1037 6 1025 8 3895
2 5 1040 8 1011
3 5 1041 6 2227 8 411
2 5 1049 7 703
2 5 1095 6 2245
3 5 1105 6 1064 7 1106
3 5 1106 6 1063 7 1107
2 5 1116 8 97
2 5 1119 8 126
2 5 1127 6 1066
3 5 1128 6 1033 7 1113
2 5 1161 6 1083
2 5 1185 6 1107
2 5 1198 6 1121
2 5 1199 6 1122
2 5 1220 6 1214
3 5 1224 6 1157 7 1195
3 5 1247 6 1152 8 7
2 5 1253 6 1215
2 5 1254 6 1216
3 5 1261 6 1219 7 1183
2 5 1265 7 1220
2 5 1299 6 1248
2 5 1300 6 1249
3 5 1305 6 1258 7 1212
3 5 1306 6 1253 7 1215
2 5 1311 6 1267
3 5 1328 6 1284 7 1228
2 5 1331 6 1271
2 5 1332 7 1234
2 5 1359 7 1248
3 5 1385 6 1250 7 1298
3 5 1392 6 1305 7 1262
2 5 1397 7 1258
2 5 1406 6 1319
2 5 1420 8 536
2 5 1429 7 1277
2 5 1439 6 1328
2 5 1447 7 1290
2 5 1448 7 1291
2 5 1454 7 1292
3 5 1462 6 1336 7 1303
3 5 1463 6 1337 7 1304
3 5 1464 6 1381 7 1289
4 5 1475 7 1311 6 1383 8 472
3 5 1476 6 1362 7 1318
3 5 1484 6 1384 7 1314
2 5 1493 7 1312
2 5 1494 7 1313
2 5 1499 6 1405
2 5 1503 7 1326
2 5 1505 6 1408
2 5 1506 6 1406
3 5 1508 6 1401 7 1324
2 5 1510 7 1336
2 5 1515 6 1392
2 5 1525 6 1416
3 5 1536 6 1426 8 429
2 5 1544 7 1367
3 5 1545 6 1421 7 1372
2 5 1566 6 1450
3 5 1598 7 1392 6 1460
4 5 1611 7 1408 8 314 6 1468
2 5 1612 7 1409
3 5 1616 6 1487 8 390
3 5 1617 6 1477 7 1410
2 5 1618 6 1466
2 5 1633 6 1482
2 5 1634 7 1418
3 5 1646 7 1431 6 1491
3 5 1647 6 1490 7 1428
3 5 1650 6 1494 7 1427
3 5 1655 6 1492 7 1434
2 5 1662 8 156
2 5 1671 6 1509
2 5 1675 6 1502
2 5 1678 6 1512
4 5 1693 6 1531 7 1445 8 237
4 5 1694 6 2539 7 2289 8 1990
3 5 1701 6 1523 8 133
2 5 1714 6 1528
4 5 1735 6 1554 7 1460 8 182
2 5 1753 6 1571
2 5 1754 6 1572
3 5 1763 6 1578 7 1477
2 5 1767 8 185
4 5 1773 6 1573 7 1485 8 102
2 5 1782 7 1493
3 5 1794 6 1606 7 1489
2 5 1795 6 1591
2 5 1804 6 1592
2 5 1919 7 221
2 5 1920 7 225
2 5 1965 7 1615
2 5 1988 8 1122
2 5 2000 6 46
2 5 2013 6 332
2 5 2017 6 1747
4 5 2029 6 1706 7 1678 8 1066
2 5 2032 7 1685
2 5 2033 6 1703
2 5 2034 7 2433
2 5 2041 6 1714
2 5 2051 6 310
2 5 2053 6 1800
2 5 2065 7 1709
4 5 2066 6 2640 8 2442 7 1710
2 5 2070 6 1749
2 5 2073 6 1801
3 5 2076 7 435 8 987
3 5 2077 7 2449 8 3589
2 5 2081 7 444
3 5 2082 7 2482 8 3340
4 5 2088 6 2701 7 2483 8 3338
2 5 2093 7 453
2 5 2096 7 1730
3 5 2097 7 1731 8 966
2 5 2099 7 1735
3 5 2100 7 2466 8 2390
3 5 2114 6 1771 7 484
4 5 2117 6 1775 7 1751 8 2362
2 5 2121 7 494
2 5 2130 7 615
3 5 2137 8 2432 6 1836
2 5 2140 6 1796
2 5 2146 6 1805
2 5 2164 7 656
4 5 2168 6 1863 7 1798 8 2410
2 5 2172 7 661
2 5 2176 6 1877
2 5 2187 8 2391
3 5 2188 7 1814 8 3290
2 5 2196 7 1857
3 5 2199 7 683 6 513
4 5 2206 6 2769 7 1819 8 3286
4 5 2209 7 623 8 864 6 468
2 5 2210 8 858
2 5 2215 8 2315
2 5 2220 7 713
3 5 2224 6 1946 7 709
3 5 2229 6 1947 7 714
2 5 2232 7 719
3 5 2247 7 735 6 1952
2 5 2297 7 785
2 5 2304 7 1910
4 5 2309 6 1979 7 745 8 2284
2 5 2311 6 1935
4 5 2313 6 1985 7 749 8 739
2 5 2316 7 1916
2 5 2342 8 2643
2 5 2343 8 2642
2 5 2350 8 2657
2 5 2352 8 2641
3 5 2368 6 1954 8 546
2 5 2386 7 1953
4 5 2389 7 2582 8 531 6 2830
3 5 2391 8 2211 7 863
2 5 2392 8 478
2 5 2397 8 533
2 5 2398 6 2052
3 5 2399 6 2041 7 1956
3 5 2401 7 1962 8 612
2 5 2404 7 870
3 5 2420 7 1975 6 2079
2 5 2422 8 1267
4 5 2429 6 2069 7 884 8 2166
2 5 2430 7 893
3 5 2450 7 1969 6 2088
2 5 2451 7 926
2 5 2457 8 514
3 5 2470 7 944 8 518
3 5 2488 6 2123 7 2019
2 5 2495 7 960
2 5 2507 8 324
2 5 2508 8 325
3 5 2513 7 983 6 2159
2 5 2527 6 867
2 5 2528 7 997
3 5 2531 6 2935 7 2048
2 5 2536 7 961
3 5 2537 6 890 7 962
2 5 2567 7 1035
2 5 2584 6 2175
2 5 2588 7 2068
2 5 2598 8 221
2 5 2599 6 2180
2 5 2603 6 994
2 5 2614 6 2225
3 5 2622 6 2232 7 1070
3 5 2626 6 1042 7 1067
2 5 2642 7 1096
2 5 2644 7 1100
2 5 2645 8 2059
3 5 2653 6 2272 7 2113
3 5 2654 6 2273 7 2114
2 5 2666 7 2124
2 5 2671 6 3031
4 5 2683 8 1925 7 2129 6 3002
3 5 2699 6 2287 7 1155
2 5 2708 6 2304
4 5 2715 6 2301 7 2141 8 46
3 5 2718 6 1198 7 1142
3 5 2722 6 2303 7 1187
2 5 2728 6 1193
2 5 2729 6 2343
2 5 2737 8 184
2 5 2738 8 183
2 5 2740 7 2151
2 5 2748 7 1204
2 5 2749 7 1205
3 5 2750 6 2377 7 1172
2 5 2756 7 1184
2 5 2770 6 1262
3 5 2783 6 2403 7 2185
3 5 2786 6 2401 7 2191
2 5 2787 7 2192
3 5 2793 6 2412 7 2202
3 5 2794 6 2411 7 2203
2 5 2795 7 1251
2 5 2799 7 1249
3 5 2819 7 1268 6 2441
3 5 2826 6 2450 7 2216
3 5 2831 7 2766 6 3126
3 5 2833 6 1351 7 1278
3 5 2834 6 2464 7 2225
3 5 2836 6 1333 7 1296
2 5 2857 6 2465
3 5 2858 6 2466 7 1328
4 5 2869 6 2482 7 2244 8 2129
3 5 2877 6 2475 7 1352
3 5 2878 6 1429 7 1339
3 5 2883 7 1363 6 2487
3 5 2895 6 1439 7 1370
2 5 2896 7 1371
4 5 2897 7 2252 8 437 6 1453
3 5 2900 7 1395 6 2497
2 5 2904 6 2512
4 5 2909 6 1476 7 1391 8 430
3 5 2918 6 1465 7 1412
4 5 2921 6 2523 7 2267 8 2057
3 5 2936 6 2525 8 2038
3 5 2957 6 2532 7 1437
2 5 2963 6 2536
4 5 2964 6 2537 7 1442 8 261
3 5 2966 6 2534 8 194
4 5 2978 7 2294 6 2551 8 2003
4 5 2979 7 2296 6 2541 8 1981
4 5 2990 6 2549 7 1468 8 105
2 5 2991 6 2550
2 5 2992 6 1552
2 5 2994 6 1570
2 5 2997 6 2556
3 5 3000 7 1458 8 316
3 5 3001 6 2558 7 1483
4 5 3005 6 1561 7 1481 8 1948
3 5 3020 8 1957 6 2569
2 5 3023 8 143
3 5 3026 6 2564 7 2321
3 5 3027 8 35 6 2565
2 5 3032 7 2325
2 5 3043 6 2585
2 5 3076 7 1613
2 5 3083 6 2667
4 5 3104 6 2641 7 1700 8 2502
3 5 3105 7 2425 8 3976
2 5 3108 7 2426
2 5 3111 7 2427
2 5 3122 8 2463
2 5 3129 6 3239
3 5 3130 6 2664 7 1721
3 5 3131 6 2653 7 1719
2 5 3133 6 2620
2 5 3134 6 2621
2 5 3136 8 3322
3 5 3141 7 2476 6 2689
3 5 3144 6 3244 7 2468
3 5 3155 7 1725 8 2392
3 5 3157 6 2651 7 2451
3 5 3158 6 2652 7 2452
3 5 3160 6 2655 7 2454
3 5 3165 7 2464 6 3227
3 5 3166 6 2709 7 2492
3 5 3169 6 1826 7 1773
3 5 3177 7 2917 6 3246
3 5 3178 7 2918 6 3247
2 5 3180 6 2733
3 5 3182 7 2921 6 2691
2 5 3193 8 3856
2 5 3194 6 2684
2 5 3196 8 3306
2 5 3197 8 3305
2 5 3201 7 2527
3 5 3220 7 1845 6 1921
3 5 3221 6 1922 7 1846
4 5 3222 7 1847 8 2320 6 1919
2 5 3225 6 2708
4 5 3226 7 1855 8 2306 6 1931
3 5 3227 7 2520 8 3842
3 5 3229 7 2548 6 2774
3 5 3230 6 2745 7 2511
3 5 3231 7 2512 6 2746
3 5 3245 6 2775 7 2529
2 5 3251 8 2796
4 5 3252 6 2785 7 2539 8 3829
2 5 3253 6 2759
2 5 3258 6 2798
3 5 3262 7 2545 8 3825
3 5 3263 6 2787 7 2540
4 5 3270 7 2567 6 2807 8 3193
2 5 3272 7 1886
2 5 3282 6 2786
2 5 3286 8 3150
3 5 3291 6 2815 7 2961
2 5 3293 7 2989
4 5 3294 6 2017 8 3183 7 1923
2 5 3297 8 2230
2 5 3304 7 1875
2 5 3307 7 1876
3 5 3308 6 2852 7 1928
3 5 3310 6 1980 7 2574
2 5 3313 7 1900
2 5 3315 6 3317
3 5 3316 7 2603 6 3336
2 5 3319 7 2601
2 5 3321 6 2833
2 5 3325 8 3422
2 5 3326 8 3421
4 5 3336 6 2868 7 2615 8 2186
2 5 3339 6 2020
2 5 3344 7 2624
2 5 3346 7 1967
4 5 3351 7 2625 8 2173 6 2880
3 5 3354 7 1972 8 2207
3 5 3356 6 2853 8 3165
2 5 3359 7 1979
3 5 3363 7 1987 8 3134
3 5 3364 6 2866 7 2593
3 5 3379 6 2898 7 1995
3 5 3381 6 2864 7 852
3 5 3382 6 2870 7 2616
2 5 3383 7 1998
2 5 3389 7 2622
2 5 3394 8 2580
2 5 3398 7 2024
3 5 3412 7 933 6 875
2 5 3422 6 2927
2 5 3428 7 2660
3 5 3436 6 2961 7 2681
3 5 3438 8 2163 7 2049
3 5 3446 7 2062 8 3118
3 5 3458 7 2083 8 3086
3 5 3463 7 2086 6 2222
2 5 3477 6 2977
2 5 3478 7 1098
3 5 3496 7 2104 6 2265
3 5 3497 6 2266 7 2105
2 5 3511 7 2710
3 5 3522 7 2719 8 3051
2 5 3523 8 2002
2 5 3526 6 3042
2 5 3528 6 2311
3 5 3533 6 3422 7 2725
2 5 3534 8 1978
3 5 3536 7 2729 6 3020
4 5 3537 7 2730 8 1904 6 3021
3 5 3546 7 2164 6 2340
3 5 3547 6 2341 7 2165
4 5 3556 6 3053 7 2745 8 3027
2 5 3559 7 2161
3 5 3572 6 3086 7 2174
3 5 3577 6 2398 7 2181
3 5 3581 6 1285 7 1223
3 5 3589 6 3098 7 2196
3 5 3597 6 3121 7 2207
3 5 3609 6 3128 7 2763
2 5 3623 6 2481
3 5 3629 7 2779 6 2484
3 5 3632 6 3150 7 2784
3 5 3633 6 3151 7 2785
3 5 3638 7 2250 6 2495
3 5 3651 6 3165 7 2789
3 5 3659 7 2797 6 3160
2 5 3674 7 2278
2 5 3679 7 2807
3 5 3680 7 2808 8 1955
4 5 3684 6 3176 7 2810 8 3045
2 5 3693 7 2813
2 5 3694 6 3183
2 5 3695 6 3184
2 5 3700 7 2818
4 5 3703 7 2304 6 2572 8 2043
2 5 3760 7 2437
4 5 3762 7 2889 8 4183 6 3548
2 5 3763 7 2887
2 5 3769 7 2893
2 5 3778 6 3222
3 5 3779 7 2441 8 3319
3 5 3780 7 2890 8 3857
2 5 3781 7 2908
2 5 3792 7 2457
2 5 3794 6 3229
3 5 3795 6 3230 7 2463
4 5 3797 6 3262 7 2923 8 3873
3 5 3801 7 2493 8 3869
3 5 3802 7 2494 8 3868
2 5 3803 7 3187
2 5 3804 7 3188
2 5 3811 6 3264
3 5 3812 7 3189 6 3559
3 5 3813 7 3190 6 3560
2 5 3814 7 2488
2 5 3818 6 3274
3 5 3823 7 2534 6 1913
3 5 3825 7 2536 6 2767
4 5 3826 6 3291 7 2950 8 3815
2 5 3828 7 2955
2 5 3831 8 3237
3 5 3834 7 2549 6 2777
3 5 3837 7 2551 8 3227
3 5 3840 6 2784 7 2552
2 5 3842 7 2957
4 5 3844 7 2556 8 3790 6 2781
2 5 3859 7 2972
2 5 3861 7 2975
3 5 3869 6 3322 7 2970
2 5 3871 6 3313
2 5 3881 8 3928
3 5 3883 7 2981 6 3327
2 5 3899 7 2581
3 5 3903 6 3604 7 2984
2 5 3906 6 3612
3 5 3910 7 2598 6 3338
3 5 3919 7 2638 8 2212
2 5 3922 7 2645
3 5 3933 6 3350 7 3010
3 5 3934 7 3009 6 3346
2 5 3935 6 2876
3 5 3939 6 3352 7 3012
2 5 3947 7 2642
2 5 3951 7 2664
3 5 3954 6 2917 7 3020
3 5 3957 6 3358 7 3021
3 5 3962 7 2658 6 2932
3 5 3963 7 2668 6 2170
2 5 3986 7 2687
4 5 3993 6 3393 7 3047 8 3719
4 5 3997 7 2696 8 3063 6 2982
2 5 4018 8 3644
2 5 4026 7 3075
3 5 4031 6 3454 7 3079
3 5 4039 6 3466 7 3087
3 5 4046 7 3096 6 3478
2 5 4062 6 3494
4 5 4069 7 2791 8 3092 6 3163
3 5 4070 7 2792 6 3164
3 5 4073 6 3499 7 3117
2 5 4079 7 3123
2 5 4082 7 3129
2 5 4087 8 3680
2 5 4092 6 3526
2 5 4110 6 3236
2 5 4121 7 3151
2 5 4128 7 2869
3 5 4129 7 3159 8 4324
3 5 4130 7 3160 8 4325
3 5 4132 6 3536 7 3164
2 5 4140 7 3165
2 5 4146 7 2901
2 5 4150 6 3261
4 5 4155 6 3549 7 3174 8 4152
4 5 4156 6 3550 7 3175 8 4151
3 5 4165 7 3367 6 3772
2 5 4170 7 2960
2 5 4171 6 3305
3 5 4172 6 3311 7 2967
3 5 4173 7 3202 8 4347
2 5 4178 7 2974
2 5 4179 7 3206
2 5 4180 7 2978
2 5 4182 7 2983
2 5 4184 6 3584
4 5 4185 6 3330 7 2987 8 3771
2 5 4186 7 2986
3 5 4190 7 2988 6 3600
3 5 4191 6 3598 7 2979
3 5 4193 6 3591 7 3386
2 5 4194 6 3594
2 5 4195 6 3595
3 5 4204 7 3001 6 3613
2 5 4213 6 3605
2 5 4214 7 3006
4 5 4215 6 3617 7 3005 8 3744
2 5 4217 6 3611
2 5 4222 8 4108
3 5 4223 7 2995 8 3733
4 5 4225 6 3610 7 3230 8 3730
3 5 4230 7 3406 6 3809
2 5 4231 7 3017
2 5 4238 6 3644
2 5 4241 6 3375
2 5 4244 7 3255
3 5 4256 7 3044 6 3389
2 5 4261 7 3050
2 5 4274 8 4043
2 5 4275 8 4047
2 5 4276 8 4046
2 5 4281 6 3685
2 5 4286 6 3691
3 5 4290 7 3294 6 3426
3 5 4304 6 3699 7 3303
3 5 4305 6 3702 7 3300
2 5 4326 7 3318
2 5 4335 6 3726
4 5 4336 6 3517 7 3128 8 3030
4 5 4343 8 4059 6 3728 7 3327
2 5 4366 7 3344
2 5 4370 7 3350
3 5 4374 6 3558 7 3176
4 5 4377 6 3748 7 3172 8 4158
2 5 4381 8 4149
3 5 4382 6 3765 7 3362
2 5 4385 8 4296
4 5 4388 6 3774 7 3369 8 4310
2 5 4389 6 3777
2 5 4394 6 3783
3 5 4402 6 3789 7 3385
3 5 4406 7 3391 6 3603
3 5 4407 6 3793 7 3388
2 5 4412 7 3226
2 5 4415 7 3234
3 5 4416 6 3623 7 3235
2 5 4427 7 3408
2 5 4428 7 3247
3 5 4430 6 3639 7 3244
4 5 4437 6 3647 7 3251 8 4264
2 5 4459 6 3836
3 5 4471 6 3843 7 3433
2 5 4472 7 3434
2 5 4493 7 3356
4 5 4500 6 3776 8 4415 7 3471
2 5 4503 6 3873
3 5 4505 6 3890 7 3473
2 5 4507 7 3377
3 5 4516 6 3894 7 3475
3 5 4522 7 3484 6 3796
3 5 4523 7 3479 6 3898
3 5 4524 6 3806 7 3402
3 5 4525 7 3481 8 4429
2 5 4527 7 3488
2 5 4532 6 3912
3 5 4537 6 3815 7 3414
2 5 4539 7 3412
2 5 4577 7 3540
2 5 4582 6 3966
2 5 4583 7 3547
2 5 4584 7 3485
3 5 4585 6 3971 7 3486
2 5 4586 6 3902
3 5 4587 6 3968 7 3551
3 5 4588 6 3969 7 3552
3 5 4595 7 3557 6 3976
3 5 4596 7 3498 6 3913
3 5 4601 7 3506 6 3983
2 5 4629 7 3536
4 5 4636 6 3964 7 3548 8 4468
3 5 4639 7 3490 6 3972
3 5 4642 6 4031 7 3553
3 5 4647 6 4036 7 3603
2 5 4648 6 4038
3 5 4650 7 3563 6 3984
3 5 4682 6 4027 7 3594
3 5 4683 6 4028 7 3595
4 5 4684 6 4029 7 3596 8 4500
2 5 4689 7 3638
2 5 4712 6 4085
2 5 4713 6 4086
2 5 4728 6 4091
2 5 4733 7 3689
2 6 43 7 128
2 6 48 7 53
2 6 57 7 38
2 6 58 7 39
2 6 59 7 45
2 6 67 7 42
2 6 68 7 43
2 6 72 7 65
2 6 80 7 61
2 6 81 7 62
2 6 97 7 76
2 6 111 7 92
2 6 114 7 90
2 6 115 7 91
2 6 123 7 138
2 6 137 7 96
2 6 138 7 97
2 6 143 7 119
2 6 158 7 165
2 6 165 7 157
2 6 166 7 164
2 6 174 7 144
2 6 176 7 148
2 6 177 7 149
2 6 185 7 348
2 6 187 7 432
2 6 188 7 433
2 6 191 7 181
2 6 192 7 182
2 6 203 7 193
2 6 262 7 276
3 6 273 7 1744 8 2417
2 6 297 7 505
2 6 298 7 1737
2 6 331 7 347
2 6 398 7 567
2 6 402 8 931
2 6 410 7 603
2 6 427 7 624
2 6 446 7 634
2 6 447 7 635
2 6 459 7 605
2 6 467 7 622
2 6 470 8 2386
2 6 485 7 673
2 6 493 8 770
2 6 494 8 769
2 6 500 8 877
3 6 520 7 1840 8 3272
2 6 527 7 685
3 6 536 7 707 8 734
2 6 537 8 727
2 6 549 7 689
2 6 550 7 722
2 6 571 7 743
3 6 599 7 773 8 661
2 6 622 7 757
2 6 671 7 830
2 6 672 7 799
3 6 691 7 843 8 588
2 6 757 7 878
2 6 761 7 895
2 6 976 7 1069
2 6 983 7 1042
2 6 992 7 1026
2 6 1009 7 1055
2 6 1055 7 2108
2 6 1098 7 1159
2 6 1108 7 1143
2 6 1235 7 1201
2 6 1236 7 1202
2 6 1239 7 1208
2 6 1251 7 1299
2 6 1256 7 1216
2 6 1268 7 1264
2 6 1280 7 1222
2 6 1289 7 2184
2 6 1292 7 1245
2 6 1315 7 1271
2 6 1331 7 1294
2 6 1332 7 1295
2 6 1344 7 2212
2 6 1382 7 1310
2 6 1385 7 1315
2 6 1422 7 1373
2 6 1425 7 1341
2 6 1435 7 1362
2 6 1438 7 1369
2 6 1440 7 1377
2 6 1441 7 1396
2 6 1452 7 1359
2 6 1455 8 374
3 6 1461 7 1393 8 398
2 6 1469 7 2269
3 6 1510 7 1446 8 138
3 6 1539 7 1455 8 1960
2 6 1547 7 1484
2 6 1551 7 2284
2 6 1577 7 1470
2 6 1601 7 1454
2 6 1602 7 1487
2 6 1604 7 1467
2 6 1657 7 41
2 6 1676 7 1527
3 6 1722 7 429 8 2411
2 6 1746 7 1701
2 6 1763 7 261
2 6 1778 7 454
2 6 1793 7 2480
2 6 1884 7 1820
2 6 1892 7 590
2 6 1915 7 1843
3 6 1917 7 669 8 2293
2 6 1926 7 1849
2 6 1933 7 649
2 6 1940 7 708
2 6 1953 7 736
2 6 1957 7 1863
2 6 1962 7 1865
2 6 1973 7 1881
2 6 1977 7 1883
2 6 1990 7 750
2 6 1992 7 783
2 6 2005 7 805
2 6 2031 7 839
2 6 2048 7 833
2 6 2055 7 874
2 6 2076 7 888
3 6 2083 7 1960 8 2194
2 6 2093 7 911
2 6 2103 7 2632
2 6 2104 7 1983
2 6 2155 7 981
2 6 2229 7 2092
2 6 2234 7 1056
2 6 2237 7 2093
2 6 2240 7 2102
2 6 2242 7 1065
2 6 2247 7 2097
2 6 2256 7 2091
2 6 2261 7 2123
2 6 2285 7 2107
2 6 2297 7 1173
2 6 2309 7 2155
2 6 2444 7 2240
2 6 2470 7 2256
2 6 2474 7 2241
3 6 2496 7 2251 8 2087
2 6 2500 7 2261
2 6 2501 7 2262
2 6 2505 7 1361
2 6 2527 7 2274
2 6 2554 7 2265
2 6 2555 7 1474
2 6 2567 7 2300
2 6 2568 7 2301
2 6 2574 7 2276
2 6 2602 7 2348
2 6 2631 7 2431
2 6 2656 7 2455
3 6 2660 7 2448 8 3884
2 6 2662 7 2459
3 6 2683 7 2420 8 3572
3 6 2721 7 2509 8 2308
2 6 2723 7 2500
2 6 2741 7 2510
2 6 2755 7 2515
2 6 2763 8 3279
2 6 2772 7 2542
2 6 2779 7 2538
2 6 2780 7 2553
2 6 2791 7 2557
2 6 2796 7 1851
2 6 2806 7 2566
2 6 2809 7 2559
2 6 2812 7 1869
2 6 2817 7 2571
2 6 2820 7 2577
2 6 2821 7 2578
2 6 2822 7 2564
3 6 2827 7 1874 8 2316
2 6 2832 7 1891
2 6 2835 7 1894
2 6 2838 7 2586
2 6 2845 7 1906
2 6 2849 7 2583
2 6 2851 7 1932
2 6 2854 7 2599
2 6 2865 7 1945
2 6 2890 7 1964
2 6 2892 7 3007
2 6 2897 7 2630
2 6 2928 7 2659
2 6 2930 7 2040
2 6 2936 7 2053
2 6 2944 7 2064
2 6 2952 7 2065
2 6 2965 7 2680
2 6 2968 7 2078
2 6 2976 7 2691
2 6 3001 7 2701
2 6 3035 7 2149
2 6 3068 7 2187
2 6 3078 7 2154
2 6 3096 7 2178
2 6 3104 7 2193
2 6 3111 7 2749
2 6 3117 7 2755
2 6 3123 7 2204
2 6 3147 7 2783
2 6 3154 7 2793
2 6 3155 7 2794
2 6 3159 7 2796
2 6 3162 7 2788
2 6 3171 7 2804
2 6 3172 7 3113
2 6 3173 7 3114
2 6 3191 8 3064
2 6 3198 7 2329
2 6 3218 7 2845
2 6 3219 7 2846
2 6 3232 7 2898
2 6 3237 7 2903
3 6 3238 7 2471 8 3854
2 6 3243 7 2916
3 6 3287 7 2948 8 3820
2 6 3292 7 2952
2 6 3295 7 2532
2 6 3314 7 2563
2 6 3323 7 2973
2 6 3342 7 2626
2 6 3388 7 3042
3 6 3390 7 2688 8 3097
2 6 3434 7 2708
2 6 3458 7 3103
2 6 3459 7 3104
2 6 3464 7 3086
2 6 3479 7 3105
2 6 3498 7 3116
2 6 3512 7 2803
2 6 3516 7 3127
2 6 3540 7 2857
2 6 3541 7 2888
3 6 3557 7 2926 8 3814
2 6 3577 7 3203
2 6 3587 7 3209
2 6 3589 7 2963
3 6 3593 7 3220 8 3746
2 6 3608 7 2994
2 6 3615 7 2993
2 6 3632 7 3241
2 6 3637 7 2647
2 6 3652 7 3262
2 6 3653 7 3254
2 6 3658 7 3268
2 6 3660 7 3274
2 6 3661 7 3275
2 6 3666 7 3272
2 6 3696 7 3291
2 6 3706 7 3302
2 6 3707 7 3310
2 6 3721 7 3325
2 6 3725 7 3323
3 6 3727 7 3326 8 4060
2 6 3729 7 3322
2 6 3739 7 3334
3 6 3743 7 3348 8 4162
2 6 3753 7 3178
3 6 3759 8 4352 7 3347
2 6 3782 7 3210
3 6 3787 7 3383 8 4299
2 6 3788 7 3217
2 6 3792 7 3218
2 6 3795 7 3222
2 6 3797 7 3224
2 6 3798 7 3225
2 6 3810 7 3407
2 6 3842 7 3513
2 6 3854 7 3436
3 6 3861 7 3442 8 4257
2 6 3885 7 3468
3 6 3900 7 3482 8 4288
3 6 3901 7 3483 8 4287
2 6 3905 7 3492
2 6 3909 7 3395
2 6 3910 7 3495
2 6 3924 7 3566
2 6 3932 7 3514
2 6 3933 7 3515
2 6 3934 7 3518
2 6 3937 7 3523
2 6 3956 7 3454
3 6 3961 8 4470 7 3543
2 6 3974 7 3555
2 6 3978 7 3400
2 6 3994 7 3568
2 6 3996 7 3570
2 6 3999 7 3573
2 6 4002 7 3578
2 6 4012 7 3583
2 6 4030 7 3597
2 6 4033 7 3554
2 6 4043 7 3609
2 6 4058 7 3617
2 6 4064 7 3625
2 6 4066 7 3626
2 6 4076 7 3640
2 6 4081 7 3652
2 6 4084 7 3653
2 6 4097 7 3663
2 6 4099 7 3667
2 7 243 8 1735
2 7 359 8 2806
2 7 376 8 1556
2 7 389 8 2896
2 7 400 8 1093
2 7 423 8 2950
2 7 438 8 2931
2 7 441 8 3494
2 7 485 8 2853
2 7 511 8 2387
2 7 513 8 786
2 7 514 8 785
2 7 571 8 932
2 7 580 8 928
2 7 581 8 2407
2 7 628 8 852
2 7 650 8 809
2 7 651 8 810
2 7 693 8 778
2 7 706 8 735
2 7 800 8 693
2 7 864 8 566
2 7 945 8 517
2 7 1044 8 395
2 7 1045 8 394
2 7 1054 8 2077
2 7 1058 8 415
2 7 1479 8 145
2 7 1617 8 2672
2 7 1619 8 2671
2 7 1635 8 3378
2 7 1670 8 2535
2 7 1699 8 2503
2 7 1722 8 3608
2 7 1727 8 2404
2 7 1837 8 2353
2 7 1893 8 550
2 7 1907 8 2222
2 7 1938 8 568
2 7 2000 8 607
2 7 2293 8 2036
2 7 2317 8 2040
2 7 2393 8 3944
2 7 2432 8 3318
2 7 2453 8 3355
2 7 2469 8 3302
2 7 2470 8 3301
2 7 2478 8 2476
2 7 2479 8 3468
2 7 2495 8 3248
2 7 2513 8 3285
2 7 2562 8 3203
2 7 2568 8 3795
2 7 2606 8 3127
2 7 2819 8 3071
2 7 2891 8 3968
2 7 2892 8 3967
2 7 2900 8 4219
2 7 2912 8 3875
2 7 2931 8 3855
2 7 2940 8 4165
2 7 2946 8 3835
2 7 2996 8 4107
2 7 3081 8 3636
2 7 3082 8 3635
2 7 3161 8 4225
2 7 3194 8 4311
2 7 3208 8 4304
2 7 3324 8 4073
2 7 3413 8 4375
2 7 3470 8 4472
2 7 3579 8 4518
2 7 3593 8 4506
2 7 3628 8 4532
